# time	B0_r_i(1)	B0_r_i(2)	B0_r_i(3)	0_A_i(1,1)	0_A_i(1,2)	0_A_i(1,3)	0_A_i(2,1)	...
0.000000	0.000000	0.000000	0.000000	0.789785	-0.613384	0.000000	0.613384	0.789785	0.000000	0.000000	0.000000	1.000000	0.000000	0.000000	0.000000	0.726983	-0.308637	0.613384	0.564609	-0.239702	-0.789785	0.390786	0.920482	0.000000	0.133765	0.103888	0.071905	0.786776	0.068872	-0.613384	0.611047	0.053489	0.789785	0.087203	-0.996191	-0.000000	0.228302	0.177310	-0.114367	0.882166	-0.465876	0.068872	-0.469578	-0.881269	0.053489	0.035775	-0.079527	-0.996191	0.228302	0.177310	-0.114367	0.830853	-0.304372	0.465876	-0.404760	0.243996	0.881269	-0.381906	-0.920773	0.079527	0.210648	0.191461	-0.167772	0.056891	-0.950853	-0.304372	-0.960255	-0.135558	0.243996	-0.273264	0.278394	-0.920773	
0.010000	0.000000	0.000000	0.000000	0.789799	-0.613366	0.000000	0.613366	0.789799	0.000000	0.000000	0.000000	1.000000	0.000000	0.000000	0.000000	0.727000	-0.308631	0.613366	0.564596	-0.239686	-0.789799	0.390771	0.920488	0.000000	0.133768	0.103886	0.071902	0.786789	0.068888	-0.613366	0.611028	0.053499	0.789799	0.087222	-0.996189	-0.000000	0.228309	0.177307	-0.114367	0.882152	-0.465900	0.068888	-0.469604	-0.881255	0.053499	0.035783	-0.079544	-0.996189	0.228309	0.177307	-0.114367	0.830853	-0.304335	0.465900	-0.404784	0.244008	0.881255	-0.381880	-0.920782	0.079544	0.210658	0.191460	-0.167773	0.056871	-0.950866	-0.304335	-0.960256	-0.135530	0.244008	-0.273265	0.278363	-0.920782	
0.020000	0.000000	0.000000	0.000000	0.789845	-0.613307	0.000000	0.613307	0.789845	0.000000	0.000000	0.000000	1.000000	0.000000	0.000000	0.000000	0.727056	-0.308617	0.613307	0.564552	-0.239638	-0.789845	0.390731	0.920505	0.000000	0.133778	0.103878	0.071894	0.786828	0.068961	-0.613307	0.610965	0.053548	0.789845	0.087310	-0.996181	-0.000000	0.228338	0.177302	-0.114364	0.882104	-0.465980	0.068961	-0.469691	-0.881205	0.053548	0.035817	-0.079625	-0.996181	0.228338	0.177302	-0.114364	0.830861	-0.304193	0.465980	-0.404860	0.244061	0.881205	-0.381784	-0.920815	0.079625	0.210695	0.191458	-0.167771	0.056808	-0.950915	-0.304193	-0.960255	-0.135439	0.244061	-0.273281	0.278238	-0.920815	
0.030000	0.000000	0.000000	0.000000	0.789964	-0.613154	0.000000	0.613154	0.789964	0.000000	0.000000	0.000000	1.000000	0.000000	0.000000	0.000000	0.727201	-0.308579	0.613154	0.564439	-0.239513	-0.789964	0.390625	0.920550	0.000000	0.133805	0.103857	0.071875	0.786931	0.069153	-0.613154	0.610800	0.053675	0.789964	0.087539	-0.996161	-0.000000	0.228413	0.177289	-0.114356	0.881979	-0.466188	0.069153	-0.469919	-0.881076	0.053675	0.035906	-0.079836	-0.996161	0.228413	0.177289	-0.114356	0.830880	-0.303820	0.466188	-0.405057	0.244200	0.881076	-0.381531	-0.920902	0.079836	0.210791	0.191453	-0.167768	0.056643	-0.951044	-0.303820	-0.960253	-0.135203	0.244200	-0.273322	0.277912	-0.920902	
0.040000	0.000000	0.000000	0.000000	0.790186	-0.612867	0.000000	0.612867	0.790186	0.000000	0.000000	0.000000	1.000000	0.000000	0.000000	0.000000	0.727473	-0.308509	0.612867	0.564226	-0.239279	-0.790186	0.390426	0.920635	0.000000	0.133855	0.103818	0.071838	0.787123	0.069512	-0.612867	0.610491	0.053913	0.790186	0.087969	-0.996123	-0.000000	0.228553	0.177265	-0.114341	0.881745	-0.466578	0.069512	-0.470346	-0.880834	0.053913	0.036074	-0.080232	-0.996123	0.228553	0.177265	-0.114341	0.830917	-0.303121	0.466578	-0.405427	0.244460	0.880834	-0.381059	-0.921063	0.080232	0.210972	0.191444	-0.167763	0.056335	-0.951285	-0.303121	-0.960249	-0.134761	0.244460	-0.273400	0.277300	-0.921063	
0.050000	0.000000	0.000000	0.000000	0.790538	-0.612413	0.000000	0.612413	0.790538	0.000000	0.000000	0.000000	1.000000	0.000000	0.000000	0.000000	0.727903	-0.308396	0.612413	0.563890	-0.238908	-0.790538	0.390109	0.920769	0.000000	0.133934	0.103756	0.071780	0.787426	0.070081	-0.612413	0.610002	0.054290	0.790538	0.088650	-0.996063	-0.000000	0.228775	0.177227	-0.114317	0.881373	-0.467194	0.070081	-0.471022	-0.880449	0.054290	0.036339	-0.080860	-0.996063	0.228775	0.177227	-0.114317	0.830974	-0.302013	0.467194	-0.406014	0.244870	0.880449	-0.380309	-0.921318	0.080860	0.211258	0.191429	-0.167754	0.055847	-0.951667	-0.302013	-0.960243	-0.134060	0.244870	-0.273523	0.276330	-0.921318	
0.060000	0.000000	0.000000	0.000000	0.791041	-0.611763	0.000000	0.611763	0.791041	0.000000	0.000000	0.000000	1.000000	0.000000	0.000000	0.000000	0.728518	-0.308232	0.611763	0.563410	-0.238376	-0.791041	0.389654	0.920961	0.000000	0.134047	0.103667	0.071696	0.787857	0.070898	-0.611763	0.609301	0.054830	0.791041	0.089626	-0.995975	-0.000000	0.229093	0.177172	-0.114283	0.880840	-0.468075	0.070898	-0.471988	-0.879898	0.054830	0.036718	-0.081759	-0.995975	0.229093	0.177172	-0.114283	0.831054	-0.300423	0.468075	-0.406854	0.245456	0.879898	-0.379234	-0.921682	0.081759	0.211668	0.191409	-0.167741	0.055149	-0.952210	-0.300423	-0.960233	-0.133055	0.245456	-0.273699	0.274939	-0.921682	
0.070000	0.000000	0.000000	0.000000	0.791711	-0.610896	0.000000	0.610896	0.791711	0.000000	0.000000	0.000000	1.000000	0.000000	0.000000	0.000000	0.729341	-0.308008	0.610896	0.562770	-0.237663	-0.791711	0.389040	0.921221	0.000000	0.134199	0.103550	0.071583	0.788431	0.071994	-0.610896	0.608365	0.055552	0.791711	0.090935	-0.995857	-0.000000	0.229518	0.177099	-0.114238	0.880125	-0.469251	0.071994	-0.473279	-0.879159	0.055552	0.037226	-0.082966	-0.995857	0.229518	0.177099	-0.114238	0.831159	-0.298292	0.469251	-0.407979	0.246237	0.879159	-0.377793	-0.922166	0.082966	0.212217	0.191381	-0.167724	0.054217	-0.952934	-0.298292	-0.960219	-0.131709	0.246237	-0.273935	0.273075	-0.922166	
0.080000	0.000000	0.000000	0.000000	0.792561	-0.609793	0.000000	0.609793	0.792561	0.000000	0.000000	0.000000	1.000000	0.000000	0.000000	0.000000	0.730387	-0.307713	0.609793	0.561957	-0.236753	-0.792561	0.388252	0.921553	0.000000	0.134391	0.103400	0.071438	0.789155	0.073395	-0.609793	0.607173	0.056470	0.792561	0.092605	-0.995703	-0.000000	0.230060	0.177007	-0.114181	0.879213	-0.470742	0.073395	-0.474922	-0.878214	0.056470	0.037874	-0.084506	-0.995703	0.230060	0.177007	-0.114181	0.831289	-0.295568	0.470742	-0.409413	0.247225	0.878214	-0.375952	-0.922778	0.084506	0.212917	0.191346	-0.167702	0.053031	-0.953849	-0.295568	-0.960199	-0.129992	0.247225	-0.274237	0.270693	-0.922778	
0.090000	0.000000	0.000000	0.000000	0.793598	-0.608443	0.000000	0.608443	0.793598	0.000000	0.000000	0.000000	1.000000	0.000000	0.000000	0.000000	0.731670	-0.307338	0.608443	0.560963	-0.235633	-0.793598	0.387272	0.921966	0.000000	0.134627	0.103217	0.071258	0.790034	0.075124	-0.608443	0.605710	0.057597	0.793598	0.094663	-0.995509	-0.000000	0.230725	0.176894	-0.114112	0.878088	-0.472565	0.075124	-0.476934	-0.877050	0.057597	0.038669	-0.086405	-0.995509	0.230725	0.176894	-0.114112	0.831441	-0.292211	0.472565	-0.411176	0.248430	0.877050	-0.373683	-0.923523	0.086405	0.213777	0.191303	-0.167676	0.051580	-0.954962	-0.292211	-0.960172	-0.127879	0.248430	-0.274609	0.267759	-0.923523	
0.100000	0.000000	0.000000	0.000000	0.794826	-0.606838	0.000000	0.606838	0.794826	0.000000	0.000000	0.000000	1.000000	0.000000	0.000000	0.000000	0.733197	-0.306872	0.606838	0.559785	-0.234292	-0.794826	0.386087	0.922462	0.000000	0.134908	0.103000	0.071040	0.791068	0.077198	-0.606838	0.603969	0.058940	0.794826	0.097126	-0.995272	-0.000000	0.231519	0.176761	-0.114029	0.876741	-0.474727	0.077198	-0.479328	-0.875655	0.058940	0.039619	-0.088678	-0.995272	0.231519	0.176761	-0.114029	0.831614	-0.288189	0.474727	-0.413282	0.249853	0.875655	-0.370966	-0.924403	0.088678	0.214804	0.191253	-0.167645	0.049854	-0.956275	-0.288189	-0.960135	-0.125353	0.249853	-0.275054	0.264245	-0.924403	
0.110000	0.000000	0.000000	0.000000	0.796244	-0.604976	0.000000	0.604976	0.796244	0.000000	0.000000	0.000000	1.000000	0.000000	0.000000	0.000000	0.734972	-0.306302	0.604976	0.558422	-0.232724	-0.796244	0.384684	0.923048	0.000000	0.135235	0.102750	0.070782	0.792252	0.079630	-0.604976	0.601943	0.060501	0.796244	0.100006	-0.994987	-0.000000	0.232444	0.176608	-0.113935	0.875165	-0.477227	0.079630	-0.482108	-0.874020	0.060501	0.040725	-0.091339	-0.994987	0.232444	0.176608	-0.113935	0.831802	-0.283479	0.477227	-0.415740	0.251493	0.874020	-0.367786	-0.925414	0.091339	0.216002	0.191195	-0.167609	0.047852	-0.957784	-0.283479	-0.960088	-0.122402	0.251493	-0.275575	0.260131	-0.925414	
0.120000	0.000000	0.000000	0.000000	0.797848	-0.602859	0.000000	0.602859	0.797848	0.000000	0.000000	0.000000	1.000000	0.000000	0.000000	0.000000	0.736994	-0.305616	0.602859	0.556877	-0.230925	-0.797848	0.383050	0.923728	0.000000	0.135607	0.102465	0.070481	0.793579	0.082428	-0.602859	0.599633	0.062283	0.797848	0.103313	-0.994649	-0.000000	0.233501	0.176435	-0.113829	0.873354	-0.480061	0.082428	-0.485273	-0.872142	0.062283	0.041989	-0.094396	-0.994649	0.233501	0.176435	-0.113829	0.831998	-0.278066	0.480061	-0.418552	0.253343	0.872142	-0.364133	-0.926551	0.094396	0.217374	0.191129	-0.167569	0.045574	-0.959480	-0.278066	-0.960027	-0.119021	0.253343	-0.276173	0.255405	-0.926551	
0.130000	0.000000	0.000000	0.000000	0.799630	-0.600493	0.000000	0.600493	0.799630	0.000000	0.000000	0.000000	1.000000	0.000000	0.000000	0.000000	0.739260	-0.304799	0.600493	0.555157	-0.228893	-0.799630	0.381176	0.924503	0.000000	0.136024	0.102149	0.070136	0.795035	0.085600	-0.600493	0.597042	0.064282	0.799630	0.107049	-0.994254	-0.000000	0.234690	0.176244	-0.113711	0.871307	-0.483214	0.085600	-0.488814	-0.870017	0.064282	0.043411	-0.097852	-0.994254	0.234690	0.176244	-0.113711	0.832197	-0.271941	0.483214	-0.421719	0.255390	0.870017	-0.360001	-0.927806	0.097852	0.218917	0.191056	-0.167524	0.043027	-0.961351	-0.271941	-0.959950	-0.115207	0.255390	-0.276849	0.250061	-0.927806	
0.140000	0.000000	0.000000	0.000000	0.801579	-0.597889	0.000000	0.597889	0.801579	0.000000	0.000000	0.000000	1.000000	0.000000	0.000000	0.000000	0.741762	-0.303838	0.597889	0.553272	-0.226630	-0.801579	0.379050	0.925376	0.000000	0.136484	0.101802	0.069745	0.796607	0.089145	-0.597889	0.594180	0.066492	0.801579	0.111212	-0.993797	-0.000000	0.236007	0.176035	-0.113584	0.869025	-0.486671	0.089145	-0.492719	-0.867645	0.066492	0.044986	-0.101707	-0.993797	0.236007	0.176035	-0.113584	0.832389	-0.265105	0.486671	-0.425236	0.257619	0.867645	-0.355393	-0.929167	0.101707	0.220631	0.190977	-0.167476	0.040222	-0.963380	-0.265105	-0.959853	-0.110967	0.257619	-0.277603	0.244100	-0.929167	
0.150000	0.000000	0.000000	0.000000	0.803681	-0.595060	0.000000	0.595060	0.803681	0.000000	0.000000	0.000000	1.000000	0.000000	0.000000	0.000000	0.744490	-0.302718	0.595060	0.551234	-0.224137	-0.803681	0.376664	0.926350	0.000000	0.136986	0.101427	0.069306	0.798275	0.093063	-0.595060	0.591057	0.068906	0.803681	0.115796	-0.993273	-0.000000	0.237449	0.175811	-0.113448	0.866510	-0.490407	0.093063	-0.496969	-0.865028	0.068906	0.046711	-0.105957	-0.993273	0.237449	0.175811	-0.113448	0.832563	-0.257565	0.490407	-0.429092	0.260012	0.865028	-0.350313	-0.930620	0.105957	0.222510	0.190892	-0.167424	0.037173	-0.965546	-0.257565	-0.959736	-0.106309	0.260012	-0.278434	0.237529	-0.930620	
0.160000	0.000000	0.000000	0.000000	0.805921	-0.592023	0.000000	0.592023	0.805921	0.000000	0.000000	0.000000	1.000000	0.000000	0.000000	0.000000	0.747431	-0.301423	0.592023	0.549056	-0.221423	-0.805921	0.374010	0.927425	0.000000	0.137527	0.101026	0.068818	0.800020	0.097349	-0.592023	0.587688	0.071511	0.805921	0.120792	-0.992678	-0.000000	0.239010	0.175574	-0.113305	0.863769	-0.494395	0.097349	-0.501541	-0.862173	0.071511	0.048576	-0.110594	-0.992678	0.239010	0.175574	-0.113305	0.832710	-0.249334	0.494395	-0.433275	0.262545	0.862173	-0.344770	-0.932149	0.110594	0.224548	0.190802	-0.167370	0.033896	-0.967824	-0.249334	-0.959593	-0.101246	0.262545	-0.279341	0.230360	-0.932149	
0.170000	0.000000	0.000000	0.000000	0.808281	-0.588796	0.000000	0.588796	0.808281	0.000000	0.000000	0.000000	1.000000	0.000000	0.000000	0.000000	0.750570	-0.299940	0.588796	0.546756	-0.218492	-0.808281	0.371083	0.928600	0.000000	0.138105	0.100603	0.068279	0.801821	0.101992	-0.588796	0.584090	0.074297	0.808281	0.126184	-0.992007	-0.000000	0.240683	0.175327	-0.113157	0.860809	-0.498604	0.101992	-0.506410	-0.859086	0.074297	0.050575	-0.115605	-0.992007	0.240683	0.175327	-0.113157	0.832818	-0.240433	0.498604	-0.437770	0.265195	0.859086	-0.338780	-0.933736	0.115605	0.226738	0.190708	-0.167314	0.030412	-0.970189	-0.240433	-0.959424	-0.095796	0.265195	-0.280322	0.222612	-0.933736	
0.180000	0.000000	0.000000	0.000000	0.810742	-0.585403	0.000000	0.585403	0.810742	0.000000	0.000000	0.000000	1.000000	0.000000	0.000000	0.000000	0.753888	-0.298254	0.585403	0.544351	-0.215357	-0.810742	0.367878	0.929874	0.000000	0.138715	0.100161	0.067689	0.803653	0.106982	-0.585403	0.580284	0.077247	0.810742	0.131956	-0.991256	-0.000000	0.242460	0.175070	-0.113005	0.857639	-0.503001	0.106982	-0.511545	-0.855777	0.077247	0.052697	-0.120977	-0.991256	0.242460	0.175070	-0.113005	0.832875	-0.230888	0.503001	-0.442556	0.267936	0.855777	-0.332361	-0.935361	0.120977	0.229069	0.190611	-0.167256	0.026744	-0.972613	-0.230888	-0.959226	-0.089981	0.267936	-0.281374	0.214308	-0.935361	
0.190000	0.000000	0.000000	0.000000	0.813285	-0.581865	0.000000	0.581865	0.813285	0.000000	0.000000	0.000000	1.000000	0.000000	0.000000	0.000000	0.757369	-0.296354	0.581865	0.541860	-0.212027	-0.813285	0.364391	0.931246	0.000000	0.139356	0.099702	0.067048	0.805494	0.112303	-0.581865	0.576291	0.080347	0.813285	0.138086	-0.990420	-0.000000	0.244333	0.174808	-0.112852	0.854273	-0.507549	0.112303	-0.516914	-0.852258	0.080347	0.054931	-0.126689	-0.990420	0.244333	0.174808	-0.112852	0.832869	-0.220732	0.507549	-0.447611	0.270741	0.852258	-0.325535	-0.937004	0.126689	0.231531	0.190511	-0.167198	0.022914	-0.975065	-0.220732	-0.958996	-0.083825	0.270741	-0.282493	0.205478	-0.937004	
0.200000	0.000000	0.000000	0.000000	0.815890	-0.578208	0.000000	0.578208	0.815890	0.000000	0.000000	0.000000	1.000000	0.000000	0.000000	0.000000	0.760990	-0.294229	0.578208	0.539301	-0.208515	-0.815890	0.360623	0.932712	0.000000	0.140022	0.099231	0.066355	0.807321	0.117936	-0.578208	0.572135	0.083579	0.815890	0.144549	-0.989498	-0.000000	0.246292	0.174543	-0.112698	0.850724	-0.512211	0.117936	-0.522484	-0.848543	0.083579	0.057263	-0.132722	-0.989498	0.246292	0.174543	-0.112698	0.832790	-0.210004	0.512211	-0.452911	0.273581	0.848543	-0.318328	-0.938644	0.132722	0.234111	0.190411	-0.167140	0.018948	-0.977517	-0.210004	-0.958733	-0.077358	0.273581	-0.283675	0.196154	-0.938644	
0.210000	0.000000	0.000000	0.000000	0.818536	-0.574456	0.000000	0.574456	0.818536	0.000000	0.000000	0.000000	1.000000	0.000000	0.000000	0.000000	0.764730	-0.291870	0.574456	0.536695	-0.204837	-0.818536	0.356576	0.934266	0.000000	0.140710	0.098752	0.065610	0.809110	0.123859	-0.574456	0.567841	0.086925	0.818536	0.151318	-0.988485	-0.000000	0.248325	0.174277	-0.112547	0.847009	-0.516948	0.123859	-0.528218	-0.844648	0.086925	0.059681	-0.139051	-0.988485	0.248325	0.174277	-0.112547	0.832625	-0.198747	0.516948	-0.458429	0.276430	0.844648	-0.310771	-0.940259	0.139051	0.236798	0.190310	-0.167082	0.014873	-0.979938	-0.198747	-0.958437	-0.070611	0.276430	-0.284918	0.186375	-0.940259	
0.220000	0.000000	0.000000	0.000000	0.821204	-0.570634	0.000000	0.570634	0.821204	0.000000	0.000000	0.000000	1.000000	0.000000	0.000000	0.000000	0.768569	-0.289272	0.570634	0.534059	-0.201008	-0.821204	0.352253	0.935905	0.000000	0.141417	0.098267	0.064815	0.810842	0.130048	-0.570634	0.563434	0.090367	0.821204	0.158362	-0.987381	-0.000000	0.250423	0.174012	-0.112401	0.843145	-0.521723	0.130048	-0.534080	-0.840590	0.090367	0.062170	-0.145648	-0.987381	0.250423	0.174012	-0.112401	0.832365	-0.187011	0.521723	-0.464135	0.279260	0.840590	-0.302896	-0.941828	0.145648	0.239576	0.190210	-0.167027	0.010714	-0.982299	-0.187011	-0.958106	-0.063616	0.279260	-0.286214	0.176184	-0.941828	
0.230000	0.000000	0.000000	0.000000	0.823876	-0.566770	0.000000	0.566770	0.823876	0.000000	0.000000	0.000000	1.000000	0.000000	0.000000	0.000000	0.772482	-0.286432	0.566770	0.531414	-0.197045	-0.823876	0.347664	0.937619	0.000000	0.142137	0.097780	0.063970	0.812494	0.136474	-0.566770	0.558939	0.093885	0.823876	0.165649	-0.986185	-0.000000	0.252573	0.173752	-0.112260	0.839151	-0.526498	0.136474	-0.540034	-0.836390	0.093885	0.064716	-0.152485	-0.986185	0.252573	0.173752	-0.112260	0.832002	-0.174850	0.526498	-0.470001	0.282048	0.836390	-0.294741	-0.943333	0.152485	0.242431	0.190111	-0.166974	0.006500	-0.984574	-0.174850	-0.957740	-0.056412	0.282048	-0.287560	0.165628	-0.943333	
0.240000	0.000000	0.000000	0.000000	0.826534	-0.562886	0.000000	0.562886	0.826534	0.000000	0.000000	0.000000	1.000000	0.000000	0.000000	0.000000	0.776448	-0.283350	0.562886	0.528777	-0.192967	-0.826534	0.342817	0.939402	0.000000	0.142866	0.097295	0.063078	0.814051	0.143109	-0.562886	0.554385	0.097460	0.826534	0.173143	-0.984897	-0.000000	0.254763	0.173499	-0.112128	0.835049	-0.531237	0.143109	-0.546043	-0.832069	0.097460	0.067302	-0.159528	-0.984897	0.254763	0.173499	-0.112128	0.831528	-0.162323	0.531237	-0.475993	0.284768	0.832069	-0.286344	-0.944753	0.159528	0.245348	0.190015	-0.166923	0.002256	-0.986735	-0.162323	-0.957342	-0.049034	0.284768	-0.288950	0.154757	-0.944753	
0.250000	0.000000	0.000000	0.000000	0.829161	-0.559009	0.000000	0.559009	0.829161	0.000000	0.000000	0.000000	1.000000	0.000000	0.000000	0.000000	0.780443	-0.280031	0.559009	0.526164	-0.188793	-0.829161	0.337728	0.941244	0.000000	0.143601	0.096814	0.062142	0.815496	0.149918	-0.559009	0.549796	0.101073	0.829161	0.180807	-0.983519	-0.000000	0.256982	0.173253	-0.112004	0.830860	-0.535906	0.149918	-0.552071	-0.827648	0.101073	0.069914	-0.166743	-0.983519	0.256982	0.173253	-0.112004	0.830937	-0.149493	0.535906	-0.482079	0.287399	0.827648	-0.277747	-0.946073	0.166743	0.248311	0.189923	-0.166877	-0.001992	-0.988761	-0.149493	-0.956910	-0.041525	0.287399	-0.290377	0.143624	-0.946073	
0.260000	0.000000	0.000000	0.000000	0.831742	-0.555162	0.000000	0.555162	0.831742	0.000000	0.000000	0.000000	1.000000	0.000000	0.000000	0.000000	0.784444	-0.276483	0.555162	0.523591	-0.184544	-0.831742	0.332415	0.943133	0.000000	0.144338	0.096341	0.061164	0.816816	0.156868	-0.555162	0.545199	0.104705	0.831742	0.188602	-0.982054	-0.000000	0.259216	0.173018	-0.111892	0.826608	-0.540473	0.156868	-0.558083	-0.823152	0.104705	0.072536	-0.174095	-0.982054	0.259216	0.173018	-0.111892	0.830227	-0.136426	0.540473	-0.488226	0.289923	0.823152	-0.268995	-0.947276	0.174095	0.251303	0.189834	-0.166834	-0.006219	-0.990631	-0.136426	-0.956448	-0.033923	0.289923	-0.291835	0.132288	-0.947276	
0.270000	0.000000	0.000000	0.000000	0.834264	-0.551366	0.000000	0.551366	0.834264	0.000000	0.000000	0.000000	1.000000	0.000000	0.000000	0.000000	0.788429	-0.272719	0.551366	0.521074	-0.180240	-0.834264	0.326898	0.945060	0.000000	0.145071	0.095878	0.060149	0.818001	0.163922	-0.551366	0.540618	0.108336	0.834264	0.196487	-0.980506	-0.000000	0.261454	0.172795	-0.111792	0.822316	-0.544909	0.163922	-0.564046	-0.818606	0.108336	0.075154	-0.181546	-0.980506	0.261454	0.172795	-0.111792	0.829396	-0.123192	0.544909	-0.494400	0.292323	0.818606	-0.260135	-0.948352	0.181546	0.254309	0.189750	-0.166796	-0.010400	-0.992328	-0.123192	-0.955959	-0.026271	0.292323	-0.293317	0.120806	-0.948352	
0.280000	0.000000	0.000000	0.000000	0.836712	-0.547642	0.000000	0.547642	0.836712	0.000000	0.000000	0.000000	1.000000	0.000000	0.000000	0.000000	0.792376	-0.268754	0.547642	0.518623	-0.175904	-0.836712	0.321202	0.947011	0.000000	0.145797	0.095427	0.059101	0.819044	0.171040	-0.547642	0.536078	0.111949	0.836712	0.204420	-0.978883	-0.000000	0.263683	0.172585	-0.111705	0.818009	-0.549187	0.171040	-0.569926	-0.814034	0.111949	0.077752	-0.189056	-0.978883	0.263683	0.172585	-0.111705	0.828447	-0.109861	0.549187	-0.500567	0.294585	0.814034	-0.251213	-0.949289	0.189056	0.257311	0.189671	-0.166763	-0.014513	-0.993841	-0.109861	-0.955444	-0.018612	0.294585	-0.294816	0.109241	-0.949289	
0.290000	0.000000	0.000000	0.000000	0.839078	-0.544011	0.000000	0.544011	0.839078	0.000000	0.000000	0.000000	1.000000	0.000000	0.000000	0.000000	0.796262	-0.264610	0.544011	0.516252	-0.171558	-0.839078	0.315357	0.948973	0.000000	0.146512	0.094990	0.058026	0.819940	0.178185	-0.544011	0.531603	0.115525	0.839078	0.212358	-0.977192	-0.000000	0.265890	0.172388	-0.111631	0.813711	-0.553285	0.178185	-0.575694	-0.809463	0.115525	0.080316	-0.196584	-0.977192	0.265890	0.172388	-0.111631	0.827383	-0.096509	0.553285	-0.506694	0.296700	0.809463	-0.242280	-0.950082	0.196584	0.260293	0.189597	-0.166736	-0.018536	-0.995160	-0.096509	-0.954908	-0.010987	0.296700	-0.296324	0.097657	-0.950082	
0.300000	0.000000	0.000000	0.000000	0.841351	-0.540489	0.000000	0.540489	0.841351	0.000000	0.000000	0.000000	1.000000	0.000000	0.000000	0.000000	0.800069	-0.260310	0.540489	0.513969	-0.167225	-0.841351	0.309395	0.950934	0.000000	0.147213	0.094570	0.056929	0.820689	0.185314	-0.540489	0.527215	0.119047	0.841351	0.220258	-0.975442	-0.000000	0.268065	0.172207	-0.111571	0.809448	-0.557183	0.185314	-0.581321	-0.804919	0.119047	0.082832	-0.204089	-0.975442	0.268065	0.172207	-0.111571	0.826210	-0.083209	0.557183	-0.512746	0.298659	0.804919	-0.233384	-0.950726	0.204089	0.263239	0.189529	-0.166713	-0.022450	-0.996279	-0.083209	-0.954354	-0.003438	0.298659	-0.297833	0.086116	-0.950726	
0.310000	0.000000	0.000000	0.000000	0.843524	-0.537091	0.000000	0.537091	0.843524	0.000000	0.000000	0.000000	1.000000	0.000000	0.000000	0.000000	0.803776	-0.255884	0.537091	0.511783	-0.162927	-0.843524	0.303351	0.952879	0.000000	0.147895	0.094168	0.055817	0.821292	0.192388	-0.537091	0.522935	0.122498	0.843524	0.228077	-0.973643	-0.000000	0.270196	0.172040	-0.111526	0.805242	-0.560867	0.192388	-0.586780	-0.800427	0.122498	0.085288	-0.211530	-0.973643	0.270196	0.172040	-0.111526	0.824938	-0.070039	0.560867	-0.518692	0.300457	0.800427	-0.224577	-0.951220	0.211530	0.266134	0.189466	-0.166696	-0.026237	-0.997199	-0.070039	-0.953787	0.003992	0.300457	-0.299336	0.074685	-0.951220	
0.320000	0.000000	0.000000	0.000000	0.845590	-0.533833	0.000000	0.533833	0.845590	0.000000	0.000000	0.000000	1.000000	0.000000	0.000000	0.000000	0.807365	-0.251364	0.533833	0.509701	-0.158690	-0.845590	0.297265	0.954795	0.000000	0.148555	0.093785	0.054697	0.821752	0.199365	-0.533833	0.518783	0.125862	0.845590	0.235770	-0.971809	-0.000000	0.272271	0.171889	-0.111494	0.801120	-0.564323	0.199365	-0.592048	-0.796014	0.125862	0.087670	-0.218864	-0.971809	0.272271	0.171889	-0.111494	0.823579	-0.057073	0.564323	-0.524501	0.302094	0.796014	-0.215909	-0.951568	0.218864	0.268961	0.189410	-0.166684	-0.029880	-0.997923	-0.057073	-0.953212	0.011264	0.302094	-0.300824	0.063429	-0.951568	
0.330000	0.000000	0.000000	0.000000	0.847544	-0.530725	0.000000	0.530725	0.847544	0.000000	0.000000	0.000000	1.000000	0.000000	0.000000	0.000000	0.810819	-0.246785	0.530725	0.507728	-0.154535	-0.847544	0.291177	0.956669	0.000000	0.149191	0.093422	0.053577	0.822077	0.206203	-0.530725	0.514778	0.129122	0.847544	0.243294	-0.969952	-0.000000	0.274280	0.171752	-0.111475	0.797104	-0.567543	0.206203	-0.597102	-0.791705	0.129122	0.089969	-0.226048	-0.969952	0.274280	0.171752	-0.111475	0.822146	-0.044386	0.567543	-0.530140	0.303570	0.791705	-0.207429	-0.951775	0.226048	0.271706	0.189359	-0.166678	-0.033364	-0.998457	-0.044386	-0.952633	0.018338	0.303570	-0.302287	0.052411	-0.951775	
0.340000	0.000000	0.000000	0.000000	0.849382	-0.527779	0.000000	0.527779	0.849382	0.000000	0.000000	0.000000	1.000000	0.000000	0.000000	0.000000	0.814123	-0.242185	0.527779	0.505870	-0.150486	-0.849382	0.285131	0.958488	0.000000	0.149799	0.093080	0.052464	0.822277	0.212862	-0.527779	0.510937	0.132266	0.849382	0.250608	-0.968089	-0.000000	0.276214	0.171631	-0.111469	0.793217	-0.570523	0.212862	-0.601923	-0.787525	0.132266	0.092173	-0.233042	-0.968089	0.276214	0.171631	-0.111469	0.820656	-0.032051	0.570523	-0.535583	0.304888	0.787525	-0.199186	-0.951849	0.233042	0.274355	0.189314	-0.166676	-0.036676	-0.998813	-0.032051	-0.952056	0.025176	0.304888	-0.303719	0.041696	-0.951849	
0.350000	0.000000	0.000000	0.000000	0.851101	-0.525003	0.000000	0.525003	0.851101	0.000000	0.000000	0.000000	1.000000	0.000000	0.000000	0.000000	0.817261	-0.237605	0.525003	0.504129	-0.146567	-0.851101	0.279174	0.960241	0.000000	0.150376	0.092760	0.051368	0.822361	0.219303	-0.525003	0.507275	0.135278	0.851101	0.257670	-0.966233	-0.000000	0.278063	0.171523	-0.111474	0.789480	-0.573261	0.219303	-0.606493	-0.783496	0.135278	0.094274	-0.239805	-0.966233	0.278063	0.171523	-0.111474	0.819126	-0.020139	0.573261	-0.540801	0.306053	0.783496	-0.191228	-0.951801	0.239805	0.276895	0.189274	-0.166678	-0.039807	-0.999004	-0.020139	-0.951485	0.031743	0.306053	-0.305110	0.031345	-0.951801	
0.360000	0.000000	0.000000	0.000000	0.852699	-0.522403	0.000000	0.522403	0.852699	0.000000	0.000000	0.000000	1.000000	0.000000	0.000000	0.000000	0.820223	-0.233086	0.522403	0.502507	-0.142799	-0.852699	0.273351	0.961914	0.000000	0.150921	0.092461	0.050297	0.822344	0.225489	-0.522403	0.503806	0.138145	0.852699	0.264441	-0.964402	-0.000000	0.279818	0.171430	-0.111489	0.785913	-0.575757	0.225489	-0.610798	-0.779642	0.138145	0.096263	-0.246298	-0.964402	0.279818	0.171430	-0.111489	0.817574	-0.008719	0.575757	-0.545769	0.307075	0.779642	-0.183598	-0.951646	0.246298	0.279313	0.189240	-0.166684	-0.042745	-0.999048	-0.008719	-0.950926	0.038007	0.307075	-0.306451	0.021417	-0.951646	
0.370000	0.000000	0.000000	0.000000	0.854175	-0.519985	0.000000	0.519985	0.854175	0.000000	0.000000	0.000000	1.000000	0.000000	0.000000	0.000000	0.822998	-0.228670	0.519985	0.501005	-0.139204	-0.854175	0.267708	0.963500	0.000000	0.151432	0.092185	0.049258	0.822240	0.231382	-0.519985	0.500544	0.140855	0.854175	0.270884	-0.962612	-0.000000	0.281473	0.171349	-0.111513	0.782534	-0.578017	0.231382	-0.614826	-0.775983	0.140855	0.098132	-0.252484	-0.962612	0.281473	0.171349	-0.111513	0.816022	0.002147	0.578017	-0.550465	0.307960	0.775983	-0.176340	-0.951397	0.252484	0.281598	0.189210	-0.166694	-0.045485	-0.998963	0.002147	-0.950384	0.043935	0.307960	-0.307734	0.011967	-0.951397	
0.380000	0.000000	0.000000	0.000000	0.855531	-0.517752	0.000000	0.517752	0.855531	0.000000	0.000000	0.000000	1.000000	0.000000	0.000000	0.000000	0.825577	-0.224398	0.517752	0.499625	-0.135802	-0.855531	0.262292	0.964989	0.000000	0.151906	0.091931	0.048262	0.822063	0.236951	-0.517752	0.497498	0.143398	0.855531	0.276963	-0.960880	-0.000000	0.283021	0.171279	-0.111544	0.779360	-0.580046	0.236951	-0.618566	-0.772537	0.143398	0.099876	-0.258328	-0.960880	0.283021	0.171279	-0.111544	0.814490	0.012400	0.580046	-0.554869	0.308719	0.772537	-0.169492	-0.951073	0.258328	0.283740	0.189185	-0.166706	-0.048021	-0.998769	0.012400	-0.949864	0.049502	0.308719	-0.308953	0.003047	-0.951073	
0.390000	0.000000	0.000000	0.000000	0.856765	-0.515707	0.000000	0.515707	0.856765	0.000000	0.000000	0.000000	1.000000	0.000000	0.000000	0.000000	0.827955	-0.220313	0.515707	0.498365	-0.132612	-0.856765	0.257145	0.966373	0.000000	0.152344	0.091699	0.047315	0.821829	0.242164	-0.515707	0.494678	0.145764	0.856765	0.282649	-0.959223	-0.000000	0.284456	0.171221	-0.111580	0.776404	-0.581853	0.242164	-0.622010	-0.769322	0.145764	0.101489	-0.263800	-0.959223	0.284456	0.171221	-0.111580	0.812997	0.021986	0.581853	-0.558962	0.309363	0.769322	-0.163090	-0.950690	0.263800	0.285731	0.189164	-0.166720	-0.050349	-0.998490	0.021986	-0.949370	0.054684	0.309363	-0.310098	-0.005297	-0.950690	
0.400000	0.000000	0.000000	0.000000	0.857881	-0.513849	0.000000	0.513849	0.857881	0.000000	0.000000	0.000000	1.000000	0.000000	0.000000	0.000000	0.830125	-0.216452	0.513849	0.497224	-0.129650	-0.857881	0.252311	0.967646	0.000000	0.152743	0.091489	0.046425	0.821555	0.246996	-0.513849	0.492091	0.147944	0.857881	0.287914	-0.957656	-0.000000	0.285774	0.171172	-0.111620	0.773679	-0.583449	0.246996	-0.625154	-0.766351	0.147944	0.102968	-0.268872	-0.957656	0.285774	0.171172	-0.111620	0.811563	0.030860	0.583449	-0.562730	0.309904	0.766351	-0.157164	-0.950267	0.268872	0.287564	0.189146	-0.166736	-0.052466	-0.998146	0.030860	-0.948907	0.059460	0.309904	-0.311164	-0.013024	-0.950267	
0.410000	0.000000	0.000000	0.000000	0.858879	-0.512178	0.000000	0.512178	0.858879	0.000000	0.000000	0.000000	1.000000	0.000000	0.000000	0.000000	0.832086	-0.212851	0.512178	0.496201	-0.126930	-0.858879	0.247824	0.968805	0.000000	0.153104	0.091301	0.045600	0.821255	0.251424	-0.512178	0.489742	0.149933	0.858879	0.292735	-0.956193	-0.000000	0.286972	0.171131	-0.111662	0.771195	-0.584846	0.251424	-0.627995	-0.763637	0.149933	0.104309	-0.273521	-0.956193	0.286972	0.171131	-0.111662	0.810207	0.038984	0.584846	-0.566162	0.310352	0.763637	-0.151739	-0.949822	0.273521	0.289233	0.189132	-0.166752	-0.054374	-0.997759	0.038984	-0.948477	0.063814	0.310352	-0.312145	-0.020100	-0.949822	
0.420000	0.000000	0.000000	0.000000	0.859763	-0.510693	0.000000	0.510693	0.859763	0.000000	0.000000	0.000000	1.000000	0.000000	0.000000	0.000000	0.833838	-0.209541	0.510693	0.495293	-0.124466	-0.859763	0.243719	0.969846	0.000000	0.153426	0.091134	0.044844	0.820943	0.255431	-0.510693	0.487634	0.151724	0.859763	0.297095	-0.954848	-0.000000	0.288048	0.171098	-0.111705	0.768957	-0.586055	0.255431	-0.630534	-0.761188	0.151724	0.105513	-0.277727	-0.954848	0.288048	0.171098	-0.111705	0.808946	0.046327	0.586055	-0.569250	0.310720	0.761188	-0.146836	-0.949372	0.277727	0.290735	0.189120	-0.166769	-0.056073	-0.997351	0.046327	-0.948085	0.067736	0.310720	-0.313035	-0.026499	-0.949372	
0.430000	0.000000	0.000000	0.000000	0.860537	-0.509388	0.000000	0.509388	0.860537	0.000000	0.000000	0.000000	1.000000	0.000000	0.000000	0.000000	0.835382	-0.206547	0.509388	0.494497	-0.122264	-0.860537	0.240021	0.970768	0.000000	0.153710	0.090987	0.044164	0.820634	0.259005	-0.509388	0.485767	0.153316	0.860537	0.300981	-0.953630	-0.000000	0.289001	0.171071	-0.111747	0.766969	-0.587090	0.259005	-0.632771	-0.759009	0.153316	0.106577	-0.281480	-0.953630	0.289001	0.171071	-0.111747	0.807794	0.052870	0.587090	-0.571990	0.311018	0.759009	-0.142466	-0.948932	0.281480	0.292067	0.189110	-0.166785	-0.057566	-0.996941	0.052870	-0.947732	0.071219	0.311018	-0.313832	-0.032203	-0.948932	
0.440000	0.000000	0.000000	0.000000	0.861204	-0.508259	0.000000	0.508259	0.861204	0.000000	0.000000	0.000000	1.000000	0.000000	0.000000	0.000000	0.836721	-0.203889	0.508259	0.493810	-0.120330	-0.861204	0.236749	0.971571	0.000000	0.153957	0.090861	0.043562	0.820339	0.262140	-0.508259	0.484141	0.154708	0.861204	0.304387	-0.952548	-0.000000	0.289831	0.171050	-0.111786	0.765233	-0.587964	0.262140	-0.634713	-0.757103	0.154708	0.107504	-0.284771	-0.952548	0.289831	0.171050	-0.111786	0.806762	0.058604	0.587964	-0.574382	0.311256	0.757103	-0.138638	-0.948517	0.284771	0.293230	0.189103	-0.166800	-0.058859	-0.996545	0.058604	-0.947420	0.074262	0.311256	-0.314533	-0.037202	-0.948517	
0.450000	0.000000	0.000000	0.000000	0.861769	-0.507300	0.000000	0.507300	0.861769	0.000000	0.000000	0.000000	1.000000	0.000000	0.000000	0.000000	0.837862	-0.201580	0.507300	0.493226	-0.118664	-0.861769	0.233914	0.972257	0.000000	0.154167	0.090754	0.043040	0.820067	0.264835	-0.507300	0.482751	0.155901	0.861769	0.307315	-0.951608	-0.000000	0.290541	0.171034	-0.111822	0.763745	-0.588690	0.264835	-0.636369	-0.755467	0.155901	0.108296	-0.287601	-0.951608	0.290541	0.171034	-0.111822	0.805859	0.063531	0.588690	-0.576431	0.311444	0.755467	-0.135348	-0.948138	0.287601	0.294226	0.189097	-0.166814	-0.059958	-0.996177	0.063531	-0.947150	0.076870	0.311444	-0.315137	-0.041500	-0.948138	
0.460000	0.000000	0.000000	0.000000	0.862238	-0.506503	0.000000	0.506503	0.862238	0.000000	0.000000	0.000000	1.000000	0.000000	0.000000	0.000000	0.838812	-0.199623	0.506503	0.492742	-0.117264	-0.862238	0.231518	0.972831	0.000000	0.154341	0.090664	0.042599	0.819825	0.267097	-0.506503	0.481589	0.156901	0.862238	0.309772	-0.950811	-0.000000	0.291134	0.171021	-0.111853	0.762500	-0.589282	0.267097	-0.637748	-0.754095	0.156901	0.108958	-0.289978	-0.950811	0.291134	0.171021	-0.111853	0.805089	0.067665	0.589282	-0.578145	0.311590	0.754095	-0.132588	-0.947805	0.289978	0.295059	0.189093	-0.166826	-0.060872	-0.995849	0.067665	-0.946923	0.079053	0.311590	-0.315645	-0.045106	-0.947805	
0.470000	0.000000	0.000000	0.000000	0.862616	-0.505859	0.000000	0.505859	0.862616	0.000000	0.000000	0.000000	1.000000	0.000000	0.000000	0.000000	0.839581	-0.198017	0.505859	0.492350	-0.116122	-0.862616	0.229554	0.973296	0.000000	0.154483	0.090592	0.042238	0.819620	0.268943	-0.505859	0.480645	0.157714	0.862616	0.311776	-0.950156	-0.000000	0.291617	0.171011	-0.111880	0.761486	-0.589753	0.268943	-0.638865	-0.752979	0.157714	0.109496	-0.291916	-0.950156	0.291617	0.171011	-0.111880	0.804454	0.071034	0.589753	-0.579539	0.311700	0.752979	-0.130339	-0.947522	0.291916	0.295737	0.189089	-0.166836	-0.061611	-0.995569	0.071034	-0.946736	0.080829	0.311700	-0.316061	-0.048046	-0.947522	
0.480000	0.000000	0.000000	0.000000	0.862911	-0.505356	0.000000	0.505356	0.862911	0.000000	0.000000	0.000000	1.000000	0.000000	0.000000	0.000000	0.840182	-0.196747	0.505356	0.492045	-0.115223	-0.862911	0.228004	0.973660	0.000000	0.154594	0.090536	0.041953	0.819453	0.270392	-0.505356	0.479905	0.158353	0.862911	0.313349	-0.949638	-0.000000	0.291994	0.171004	-0.111901	0.760692	-0.590115	0.270392	-0.639739	-0.752103	0.158353	0.109916	-0.293438	-0.949638	0.291994	0.171004	-0.111901	0.803950	0.073680	0.590115	-0.580632	0.311782	0.752103	-0.128572	-0.947293	0.293438	0.296268	0.189087	-0.166844	-0.062188	-0.995341	0.073680	-0.946589	0.082222	0.311782	-0.316388	-0.050356	-0.947293	
0.490000	0.000000	0.000000	0.000000	0.863130	-0.504982	0.000000	0.504982	0.863130	0.000000	0.000000	0.000000	1.000000	0.000000	0.000000	0.000000	0.840630	-0.195793	0.504982	0.491818	-0.114551	-0.863130	0.226841	0.973932	0.000000	0.154676	0.090494	0.041739	0.819325	0.271477	-0.504982	0.479353	0.158830	0.863130	0.314526	-0.949249	-0.000000	0.292276	0.170999	-0.111918	0.760099	-0.590381	0.271477	-0.640390	-0.751448	0.158830	0.110231	-0.294577	-0.949249	0.292276	0.170999	-0.111918	0.803571	0.075659	0.590381	-0.581448	0.311840	0.751448	-0.127251	-0.947117	0.294577	0.296664	0.189085	-0.166851	-0.062618	-0.995166	0.075659	-0.946479	0.083262	0.311840	-0.316632	-0.052083	-0.947117	
0.500000	0.000000	0.000000	0.000000	0.863282	-0.504721	0.000000	0.504721	0.863282	0.000000	0.000000	0.000000	1.000000	0.000000	0.000000	0.000000	0.840942	-0.195125	0.504721	0.491660	-0.114080	-0.863282	0.226026	0.974121	0.000000	0.154733	0.090465	0.041589	0.819234	0.272235	-0.504721	0.478968	0.159163	0.863282	0.315348	-0.948976	-0.000000	0.292472	0.170995	-0.111930	0.759685	-0.590565	0.272235	-0.640843	-0.750991	0.159163	0.110450	-0.295374	-0.948976	0.292472	0.170995	-0.111930	0.803304	0.077042	0.590565	-0.582017	0.311880	0.750991	-0.126328	-0.946993	0.295374	0.296941	0.189084	-0.166855	-0.062917	-0.995041	0.077042	-0.946402	0.083989	0.311880	-0.316803	-0.053290	-0.946993	
0.510000	0.000000	0.000000	0.000000	0.863378	-0.504557	0.000000	0.504557	0.863378	0.000000	0.000000	0.000000	1.000000	0.000000	0.000000	0.000000	0.841138	-0.194702	0.504557	0.491560	-0.113783	-0.863378	0.225511	0.974241	0.000000	0.154769	0.090447	0.041494	0.819176	0.272713	-0.504557	0.478725	0.159373	0.863378	0.315868	-0.948803	-0.000000	0.292596	0.170993	-0.111937	0.759423	-0.590681	0.272713	-0.641129	-0.750702	0.159373	0.110588	-0.295876	-0.948803	0.292596	0.170993	-0.111937	0.803135	0.077914	0.590681	-0.582377	0.311904	0.750702	-0.125745	-0.946914	0.295876	0.297115	0.189083	-0.166858	-0.063105	-0.994961	0.077914	-0.946353	0.084447	0.311904	-0.316912	-0.054052	-0.946914	
0.520000	0.000000	0.000000	0.000000	0.863430	-0.504469	0.000000	0.504469	0.863430	0.000000	0.000000	0.000000	1.000000	0.000000	0.000000	0.000000	0.841243	-0.194475	0.504469	0.491507	-0.113625	-0.863430	0.225236	0.974304	0.000000	0.154789	0.090437	0.041443	0.819145	0.272969	-0.504469	0.478596	0.159486	0.863430	0.316145	-0.948711	-0.000000	0.292663	0.170992	-0.111941	0.759284	-0.590742	0.272969	-0.641282	-0.750548	0.159486	0.110662	-0.296145	-0.948711	0.292663	0.170992	-0.111941	0.803044	0.078380	0.590742	-0.582568	0.311916	0.750548	-0.125434	-0.946871	0.296145	0.297209	0.189083	-0.166860	-0.063205	-0.994918	0.078380	-0.946327	0.084692	0.311916	-0.316969	-0.054459	-0.946871	
0.530000	0.000000	0.000000	0.000000	0.863449	-0.504436	0.000000	0.504436	0.863449	0.000000	0.000000	0.000000	1.000000	0.000000	0.000000	0.000000	0.841283	-0.194389	0.504436	0.491486	-0.113564	-0.863449	0.225131	0.974329	0.000000	0.154796	0.090434	0.041424	0.819133	0.273067	-0.504436	0.478546	0.159528	0.863449	0.316251	-0.948676	-0.000000	0.292688	0.170991	-0.111943	0.759230	-0.590765	0.273067	-0.641340	-0.750489	0.159528	0.110690	-0.296247	-0.948676	0.292688	0.170991	-0.111943	0.803010	0.078559	0.590765	-0.582642	0.311921	0.750489	-0.125315	-0.946855	0.296247	0.297244	0.189083	-0.166860	-0.063244	-0.994901	0.078559	-0.946317	0.084785	0.311921	-0.316991	-0.054614	-0.946855	
0.540000	0.000000	0.000000	0.000000	0.863452	-0.504431	0.000000	0.504431	0.863452	0.000000	0.000000	0.000000	1.000000	0.000000	0.000000	0.000000	0.841289	-0.194376	0.504431	0.491483	-0.113555	-0.863452	0.225115	0.974332	0.000000	0.154797	0.090433	0.041421	0.819131	0.273081	-0.504431	0.478539	0.159535	0.863452	0.316267	-0.948670	-0.000000	0.292692	0.170991	-0.111943	0.759223	-0.590769	0.273081	-0.641348	-0.750480	0.159535	0.110694	-0.296263	-0.948670	0.292692	0.170991	-0.111943	0.803005	0.078585	0.590769	-0.582652	0.311922	0.750480	-0.125297	-0.946852	0.296263	0.297250	0.189083	-0.166860	-0.063249	-0.994899	0.078585	-0.946316	0.084799	0.311922	-0.316995	-0.054637	-0.946852	
0.000000	0.000000	0.000000	0.000000	0.863452	-0.504431	0.000000	0.504431	0.863452	0.000000	0.000000	0.000000	1.000000	0.000000	0.000000	0.000000	0.841289	-0.194376	0.504431	0.491483	-0.113555	-0.863452	0.225115	0.974332	0.000000	0.154797	0.090433	0.041421	0.819131	0.273081	-0.504431	0.478539	0.159535	0.863452	0.316267	-0.948670	-0.000000	0.292692	0.170991	-0.111943	0.759223	-0.590769	0.273081	-0.641348	-0.750480	0.159535	0.110694	-0.296263	-0.948670	0.292692	0.170991	-0.111943	0.803005	0.078585	0.590769	-0.582652	0.311922	0.750480	-0.125297	-0.946852	0.296263	0.297250	0.189083	-0.166860	-0.063249	-0.994899	0.078585	-0.946316	0.084799	0.311922	-0.316995	-0.054637	-0.946852	
0.020000	0.000000	0.000000	0.000000	0.863444	-0.504445	0.000000	0.504445	0.863444	0.000000	0.000000	0.000000	1.000000	0.000000	0.000000	0.000000	0.841283	-0.194365	0.504445	0.491498	-0.113553	-0.863444	0.225104	0.974335	0.000000	0.154796	0.090436	0.041419	0.819121	0.273088	-0.504445	0.478550	0.159545	0.863444	0.316277	-0.948667	-0.000000	0.292691	0.170997	-0.111943	0.759230	-0.590757	0.273088	-0.641340	-0.750486	0.159545	0.110697	-0.296273	-0.948667	0.292691	0.170997	-0.111943	0.803013	0.078593	0.590757	-0.582643	0.311927	0.750486	-0.125290	-0.946850	0.296273	0.297249	0.189089	-0.166860	-0.063235	-0.994899	0.078593	-0.946315	0.084788	0.311927	-0.316999	-0.054649	-0.946850	
0.040000	0.000000	0.000000	0.000000	0.863390	-0.504537	0.000000	0.504537	0.863390	0.000000	0.000000	0.000000	1.000000	0.000000	0.000000	0.000000	0.841246	-0.194288	0.504537	0.491597	-0.113536	-0.863390	0.225029	0.974352	0.000000	0.154789	0.090454	0.041405	0.819048	0.273134	-0.504537	0.478625	0.159611	0.863390	0.316351	-0.948642	-0.000000	0.292685	0.171036	-0.111944	0.759277	-0.590675	0.273134	-0.641281	-0.750522	0.159611	0.110715	-0.296344	-0.948642	0.292685	0.171036	-0.111944	0.803067	0.078651	0.590675	-0.582579	0.311959	0.750522	-0.125237	-0.946835	0.296344	0.297247	0.189129	-0.166861	-0.063137	-0.994901	0.078651	-0.946311	0.084715	0.311959	-0.317031	-0.054732	-0.946835	
