# time	B0_r_i(1)	B0_r_i(2)	B0_r_i(3)	0_A_i(1,1)	0_A_i(1,2)	0_A_i(1,3)	0_A_i(2,1)	...
0.000000	0.000000	0.000000	0.000000	0.894447	0.447173	0.000000	-0.447173	0.894447	0.000000	0.000000	0.000000	1.000000	0.000000	0.000000	0.000000	0.526908	-0.722775	-0.447173	-0.263424	0.361347	-0.894447	0.808069	0.589088	0.000000	0.096951	-0.048470	0.148685	0.893390	0.043490	0.447173	-0.446644	-0.021742	0.894447	0.048622	-0.998817	-0.000000	0.197494	-0.098736	-0.042075	0.893390	-0.447173	0.043490	-0.446644	-0.894447	-0.021742	0.048622	0.000000	-0.998817	0.197494	-0.098736	-0.042075	0.893390	0.043490	0.447173	-0.446644	-0.021742	0.894447	0.048622	-0.998817	-0.000000	0.200017	-0.099997	-0.100007	0.893390	-0.447173	0.043490	-0.446644	-0.894447	-0.021742	0.048622	0.000000	-0.998817	
0.001000	0.000000	0.000000	0.000000	0.894447	0.447174	0.000000	-0.447174	0.894447	0.000000	0.000000	0.000000	1.000000	0.000000	0.000000	0.000000	0.526914	-0.722771	-0.447174	-0.263428	0.361345	-0.894447	0.808064	0.589094	0.000000	0.096952	-0.048471	0.148684	0.893389	0.043499	0.447174	-0.446645	-0.021747	0.894447	0.048632	-0.998817	-0.000000	0.197497	-0.098737	-0.042075	0.893389	-0.447174	0.043499	-0.446645	-0.894447	-0.021747	0.048632	0.000000	-0.998817	0.197497	-0.098737	-0.042075	0.893389	0.043499	0.447174	-0.446645	-0.021747	0.894447	0.048632	-0.998817	-0.000000	0.200020	-0.099999	-0.100007	0.893389	-0.447174	0.043499	-0.446645	-0.894447	-0.021747	0.048632	0.000000	-0.998817	
0.002000	0.000000	0.000000	0.000000	0.894446	0.447176	0.000000	-0.447176	0.894446	0.000000	0.000000	0.000000	1.000000	0.000000	0.000000	0.000000	0.526931	-0.722757	-0.447176	-0.263438	0.361341	-0.894446	0.808050	0.589114	0.000000	0.096955	-0.048473	0.148681	0.893386	0.043527	0.447176	-0.446646	-0.021761	0.894446	0.048664	-0.998815	-0.000000	0.197505	-0.098742	-0.042074	0.893386	-0.447176	0.043527	-0.446646	-0.894446	-0.021761	0.048664	0.000000	-0.998815	0.197505	-0.098742	-0.042074	0.893386	0.043527	0.447176	-0.446646	-0.021761	0.894446	0.048664	-0.998815	-0.000000	0.200030	-0.100004	-0.100006	0.893386	-0.447176	0.043527	-0.446646	-0.894446	-0.021761	0.048664	0.000000	-0.998815	
0.003000	0.000000	0.000000	0.000000	0.894443	0.447182	0.000000	-0.447182	0.894443	0.000000	0.000000	0.000000	1.000000	0.000000	0.000000	0.000000	0.526951	-0.722738	-0.447182	-0.263453	0.361337	-0.894443	0.808032	0.589139	0.000000	0.096959	-0.048475	0.148678	0.893381	0.043566	0.447182	-0.446651	-0.021781	0.894443	0.048707	-0.998813	-0.000000	0.197516	-0.098749	-0.042073	0.893381	-0.447182	0.043566	-0.446651	-0.894443	-0.021781	0.048707	0.000000	-0.998813	0.197516	-0.098749	-0.042073	0.893381	0.043566	0.447182	-0.446651	-0.021781	0.894443	0.048707	-0.998813	-0.000000	0.200043	-0.100013	-0.100004	0.893381	-0.447182	0.043566	-0.446651	-0.894443	-0.021781	0.048707	0.000000	-0.998813	
0.004000	0.000000	0.000000	0.000000	0.894438	0.447192	0.000000	-0.447192	0.894438	0.000000	0.000000	0.000000	1.000000	0.000000	0.000000	0.000000	0.526969	-0.722719	-0.447192	-0.263469	0.361338	-0.894438	0.808015	0.589162	0.000000	0.096962	-0.048478	0.148675	0.893374	0.043608	0.447192	-0.446660	-0.021802	0.894438	0.048754	-0.998811	-0.000000	0.197527	-0.098758	-0.042071	0.893374	-0.447192	0.043608	-0.446660	-0.894438	-0.021802	0.048754	0.000000	-0.998811	0.197527	-0.098758	-0.042071	0.893374	0.043608	0.447192	-0.446660	-0.021802	0.894438	0.048754	-0.998811	-0.000000	0.200056	-0.100022	-0.100002	0.893374	-0.447192	0.043608	-0.446660	-0.894438	-0.021802	0.048754	0.000000	-0.998811	
0.005000	0.000000	0.000000	0.000000	0.894431	0.447206	0.000000	-0.447206	0.894431	0.000000	0.000000	0.000000	1.000000	0.000000	0.000000	0.000000	0.526984	-0.722699	-0.447206	-0.263486	0.361342	-0.894431	0.807999	0.589184	0.000000	0.096965	-0.048481	0.148672	0.893365	0.043652	0.447206	-0.446673	-0.021825	0.894431	0.048804	-0.998808	-0.000000	0.197537	-0.098767	-0.042068	0.893365	-0.447205	0.043652	-0.446673	-0.894431	-0.021825	0.048804	0.000000	-0.998808	0.197537	-0.098767	-0.042068	0.893365	0.043652	0.447205	-0.446673	-0.021825	0.894431	0.048804	-0.998808	-0.000000	0.200069	-0.100032	-0.099999	0.893365	-0.447205	0.043652	-0.446673	-0.894431	-0.021825	0.048804	0.000000	-0.998808	
0.006000	0.000000	0.000000	0.000000	0.894422	0.447223	0.000000	-0.447223	0.894422	0.000000	0.000000	0.000000	1.000000	0.000000	0.000000	0.000000	0.526997	-0.722680	-0.447223	-0.263505	0.361349	-0.894422	0.807985	0.589204	0.000000	0.096967	-0.048485	0.148669	0.893354	0.043698	0.447223	-0.446689	-0.021850	0.894422	0.048856	-0.998806	-0.000000	0.197548	-0.098776	-0.042065	0.893355	-0.447223	0.043698	-0.446689	-0.894423	-0.021850	0.048856	0.000000	-0.998806	0.197548	-0.098776	-0.042065	0.893355	0.043698	0.447223	-0.446689	-0.021850	0.894423	0.048856	-0.998806	-0.000000	0.200082	-0.100044	-0.099995	0.893355	-0.447223	0.043698	-0.446689	-0.894423	-0.021850	0.048856	0.000000	-0.998806	
0.007000	0.000000	0.000000	0.000000	0.894412	0.447244	0.000000	-0.447244	0.894412	0.000000	0.000000	0.000000	1.000000	0.000000	0.000000	0.000000	0.527007	-0.722659	-0.447244	-0.263526	0.361361	-0.894412	0.807972	0.589222	0.000000	0.096969	-0.048489	0.148667	0.893341	0.043747	0.447244	-0.446709	-0.021875	0.894412	0.048911	-0.998803	-0.000000	0.197558	-0.098787	-0.042061	0.893342	-0.447244	0.043747	-0.446708	-0.894412	-0.021875	0.048911	0.000000	-0.998803	0.197558	-0.098787	-0.042061	0.893342	0.043747	0.447244	-0.446708	-0.021875	0.894412	0.048911	-0.998803	-0.000000	0.200095	-0.100056	-0.099991	0.893342	-0.447244	0.043747	-0.446708	-0.894412	-0.021875	0.048911	0.000000	-0.998803	
0.008000	0.000000	0.000000	0.000000	0.894399	0.447269	0.000000	-0.447269	0.894399	0.000000	0.000000	0.000000	1.000000	0.000000	0.000000	0.000000	0.527014	-0.722639	-0.447269	-0.263548	0.361375	-0.894399	0.807960	0.589238	0.000000	0.096971	-0.048493	0.148665	0.893326	0.043798	0.447269	-0.446732	-0.021903	0.894399	0.048970	-0.998800	-0.000000	0.197568	-0.098799	-0.042056	0.893327	-0.447268	0.043798	-0.446732	-0.894400	-0.021903	0.048970	0.000000	-0.998800	0.197568	-0.098799	-0.042056	0.893327	0.043798	0.447268	-0.446732	-0.021903	0.894400	0.048970	-0.998800	-0.000000	0.200108	-0.100069	-0.099987	0.893327	-0.447268	0.043798	-0.446732	-0.894400	-0.021903	0.048970	0.000000	-0.998800	
0.009000	0.000000	0.000000	0.000000	0.894385	0.447298	0.000000	-0.447298	0.894385	0.000000	0.000000	0.000000	1.000000	0.000000	0.000000	0.000000	0.527018	-0.722618	-0.447298	-0.263571	0.361394	-0.894385	0.807949	0.589252	0.000000	0.096971	-0.048497	0.148663	0.893309	0.043852	0.447298	-0.446760	-0.021931	0.894385	0.049030	-0.998797	-0.000000	0.197577	-0.098812	-0.042051	0.893310	-0.447297	0.043852	-0.446759	-0.894386	-0.021931	0.049030	0.000000	-0.998797	0.197577	-0.098812	-0.042051	0.893310	0.043852	0.447297	-0.446759	-0.021931	0.894386	0.049030	-0.998797	-0.000000	0.200121	-0.100084	-0.099982	0.893310	-0.447297	0.043852	-0.446759	-0.894386	-0.021931	0.049030	0.000000	-0.998797	
0.010000	0.000000	0.000000	0.000000	0.894369	0.447330	0.000000	-0.447330	0.894369	0.000000	0.000000	0.000000	1.000000	0.000000	0.000000	0.000000	0.527020	-0.722596	-0.447330	-0.263596	0.361416	-0.894369	0.807940	0.589265	0.000000	0.096972	-0.048502	0.148661	0.893290	0.043908	0.447330	-0.446791	-0.021961	0.894369	0.049094	-0.998794	-0.000000	0.197587	-0.098826	-0.042046	0.893291	-0.447329	0.043908	-0.446790	-0.894369	-0.021961	0.049094	0.000000	-0.998794	0.197587	-0.098826	-0.042046	0.893291	0.043908	0.447329	-0.446790	-0.021961	0.894369	0.049094	-0.998794	-0.000000	0.200133	-0.100099	-0.099976	0.893291	-0.447329	0.043908	-0.446790	-0.894369	-0.021961	0.049094	0.000000	-0.998794	
0.011000	0.000000	0.000000	0.000000	0.894351	0.447366	0.000000	-0.447366	0.894351	0.000000	0.000000	0.000000	1.000000	0.000000	0.000000	0.000000	0.527019	-0.722575	-0.447366	-0.263622	0.361441	-0.894351	0.807932	0.589276	0.000000	0.096972	-0.048506	0.148659	0.893269	0.043967	0.447366	-0.446825	-0.021993	0.894351	0.049161	-0.998791	-0.000000	0.197596	-0.098840	-0.042040	0.893270	-0.447365	0.043967	-0.446824	-0.894352	-0.021993	0.049161	0.000000	-0.998791	0.197596	-0.098840	-0.042040	0.893270	0.043967	0.447365	-0.446824	-0.021993	0.894352	0.049161	-0.998791	-0.000000	0.200146	-0.100116	-0.099970	0.893270	-0.447365	0.043967	-0.446824	-0.894352	-0.021993	0.049161	0.000000	-0.998791	
0.012000	0.000000	0.000000	0.000000	0.894331	0.447406	0.000000	-0.447406	0.894331	0.000000	0.000000	0.000000	1.000000	0.000000	0.000000	0.000000	0.527016	-0.722553	-0.447406	-0.263650	0.361471	-0.894331	0.807925	0.589285	0.000000	0.096971	-0.048512	0.148658	0.893247	0.044028	0.447406	-0.446863	-0.022026	0.894331	0.049230	-0.998787	-0.000000	0.197605	-0.098856	-0.042033	0.893247	-0.447404	0.044028	-0.446862	-0.894332	-0.022026	0.049230	0.000000	-0.998787	0.197605	-0.098856	-0.042033	0.893247	0.044028	0.447404	-0.446862	-0.022026	0.894332	0.049230	-0.998787	-0.000000	0.200158	-0.100133	-0.099963	0.893247	-0.447404	0.044028	-0.446862	-0.894332	-0.022026	0.049230	0.000000	-0.998787	
0.013000	0.000000	0.000000	0.000000	0.894309	0.447449	0.000000	-0.447449	0.894309	0.000000	0.000000	0.000000	1.000000	0.000000	0.000000	0.000000	0.527010	-0.722530	-0.447449	-0.263679	0.361503	-0.894309	0.807920	0.589292	0.000000	0.096970	-0.048517	0.148657	0.893222	0.044092	0.447449	-0.446905	-0.022060	0.894309	0.049303	-0.998784	-0.000000	0.197614	-0.098872	-0.042026	0.893223	-0.447447	0.044092	-0.446903	-0.894310	-0.022060	0.049303	0.000000	-0.998784	0.197614	-0.098872	-0.042026	0.893223	0.044092	0.447447	-0.446903	-0.022060	0.894310	0.049303	-0.998784	-0.000000	0.200171	-0.100151	-0.099956	0.893223	-0.447447	0.044092	-0.446903	-0.894310	-0.022060	0.049303	0.000000	-0.998784	
0.014000	0.000000	0.000000	0.000000	0.894286	0.447496	0.000000	-0.447496	0.894286	0.000000	0.000000	0.000000	1.000000	0.000000	0.000000	0.000000	0.527001	-0.722507	-0.447496	-0.263709	0.361539	-0.894286	0.807916	0.589298	0.000000	0.096968	-0.048522	0.148656	0.893195	0.044158	0.447496	-0.446951	-0.022096	0.894286	0.049378	-0.998780	-0.000000	0.197622	-0.098889	-0.042019	0.893196	-0.447494	0.044158	-0.446948	-0.894287	-0.022096	0.049378	0.000000	-0.998780	0.197622	-0.098889	-0.042019	0.893196	0.044158	0.447494	-0.446948	-0.022096	0.894287	0.049378	-0.998780	-0.000000	0.200183	-0.100171	-0.099948	0.893196	-0.447494	0.044158	-0.446948	-0.894287	-0.022096	0.049378	0.000000	-0.998780	
0.015000	0.000000	0.000000	0.000000	0.894260	0.447547	0.000000	-0.447547	0.894260	0.000000	0.000000	0.000000	1.000000	0.000000	0.000000	0.000000	0.526989	-0.722484	-0.447547	-0.263740	0.361579	-0.894260	0.807913	0.589302	0.000000	0.096966	-0.048528	0.148656	0.893166	0.044226	0.447547	-0.447000	-0.022134	0.894260	0.049455	-0.998776	-0.000000	0.197630	-0.098907	-0.042010	0.893167	-0.447545	0.044226	-0.446997	-0.894262	-0.022134	0.049455	0.000000	-0.998776	0.197630	-0.098907	-0.042010	0.893167	0.044226	0.447545	-0.446997	-0.022134	0.894262	0.049455	-0.998776	-0.000000	0.200196	-0.100191	-0.099939	0.893167	-0.447545	0.044226	-0.446997	-0.894262	-0.022134	0.049455	0.000000	-0.998776	
0.016000	0.000000	0.000000	0.000000	0.894233	0.447602	0.000000	-0.447602	0.894233	0.000000	0.000000	0.000000	1.000000	0.000000	0.000000	0.000000	0.526975	-0.722461	-0.447602	-0.263773	0.361622	-0.894233	0.807911	0.589304	0.000000	0.096963	-0.048534	0.148656	0.893135	0.044297	0.447602	-0.447052	-0.022172	0.894233	0.049536	-0.998772	-0.000000	0.197639	-0.098926	-0.042002	0.893137	-0.447598	0.044297	-0.447049	-0.894235	-0.022172	0.049536	0.000000	-0.998772	0.197639	-0.098926	-0.042002	0.893137	0.044297	0.447598	-0.447049	-0.022172	0.894235	0.049536	-0.998772	-0.000000	0.200208	-0.100212	-0.099930	0.893137	-0.447598	0.044297	-0.447049	-0.894235	-0.022172	0.049536	0.000000	-0.998772	
0.017000	0.000000	0.000000	0.000000	0.894204	0.447659	0.000000	-0.447659	0.894204	0.000000	0.000000	0.000000	1.000000	0.000000	0.000000	0.000000	0.526959	-0.722437	-0.447659	-0.263808	0.361669	-0.894204	0.807911	0.589305	0.000000	0.096960	-0.048541	0.148656	0.893103	0.044370	0.447659	-0.447108	-0.022213	0.894204	0.049619	-0.998768	-0.000000	0.197646	-0.098946	-0.041992	0.893104	-0.447656	0.044370	-0.447104	-0.894206	-0.022213	0.049619	0.000000	-0.998768	0.197646	-0.098946	-0.041992	0.893104	0.044370	0.447656	-0.447104	-0.022213	0.894206	0.049619	-0.998768	-0.000000	0.200220	-0.100235	-0.099921	0.893104	-0.447656	0.044370	-0.447104	-0.894206	-0.022213	0.049619	0.000000	-0.998768	
0.018000	0.000000	0.000000	0.000000	0.894173	0.447721	0.000000	-0.447721	0.894173	0.000000	0.000000	0.000000	1.000000	0.000000	0.000000	0.000000	0.526939	-0.722413	-0.447721	-0.263843	0.361719	-0.894173	0.807912	0.589303	0.000000	0.096957	-0.048547	0.148656	0.893068	0.044445	0.447721	-0.447168	-0.022254	0.894173	0.049705	-0.998764	-0.000000	0.197654	-0.098967	-0.041982	0.893070	-0.447717	0.044445	-0.447163	-0.894175	-0.022254	0.049705	0.000000	-0.998764	0.197654	-0.098967	-0.041982	0.893070	0.044445	0.447717	-0.447163	-0.022254	0.894175	0.049705	-0.998764	-0.000000	0.200232	-0.100258	-0.099911	0.893070	-0.447717	0.044445	-0.447163	-0.894175	-0.022254	0.049705	0.000000	-0.998764	
0.019000	0.000000	0.000000	0.000000	0.894141	0.447786	0.000000	-0.447786	0.894141	0.000000	0.000000	0.000000	1.000000	0.000000	0.000000	0.000000	0.526918	-0.722389	-0.447786	-0.263881	0.361773	-0.894141	0.807914	0.589301	0.000000	0.096953	-0.048554	0.148656	0.893032	0.044523	0.447786	-0.447230	-0.022297	0.894141	0.049794	-0.998759	-0.000000	0.197662	-0.098989	-0.041972	0.893034	-0.447781	0.044523	-0.447226	-0.894143	-0.022297	0.049794	0.000000	-0.998759	0.197662	-0.098989	-0.041972	0.893034	0.044523	0.447781	-0.447226	-0.022297	0.894143	0.049794	-0.998759	-0.000000	0.200244	-0.100282	-0.099900	0.893034	-0.447781	0.044523	-0.447226	-0.894143	-0.022297	0.049794	0.000000	-0.998759	
0.020000	0.000000	0.000000	0.000000	0.894106	0.447855	0.000000	-0.447855	0.894106	0.000000	0.000000	0.000000	1.000000	0.000000	0.000000	0.000000	0.526893	-0.722364	-0.447855	-0.263919	0.361829	-0.894106	0.807917	0.589296	0.000000	0.096948	-0.048561	0.148657	0.892993	0.044603	0.447855	-0.447297	-0.022342	0.894106	0.049886	-0.998755	-0.000000	0.197669	-0.099012	-0.041961	0.892996	-0.447849	0.044603	-0.447292	-0.894109	-0.022342	0.049886	0.000000	-0.998755	0.197669	-0.099012	-0.041961	0.892996	0.044603	0.447849	-0.447292	-0.022342	0.894109	0.049886	-0.998755	-0.000000	0.200256	-0.100307	-0.099889	0.892996	-0.447849	0.044603	-0.447292	-0.894109	-0.022342	0.049886	0.000000	-0.998755	
0.021000	0.000000	0.000000	0.000000	0.894070	0.447927	0.000000	-0.447927	0.894070	0.000000	0.000000	0.000000	1.000000	0.000000	0.000000	0.000000	0.526866	-0.722339	-0.447927	-0.263958	0.361890	-0.894070	0.807922	0.589290	0.000000	0.096943	-0.048568	0.148658	0.892953	0.044686	0.447927	-0.447367	-0.022388	0.894070	0.049980	-0.998750	-0.000000	0.197676	-0.099035	-0.041949	0.892956	-0.447921	0.044686	-0.447361	-0.894073	-0.022388	0.049980	0.000000	-0.998750	0.197676	-0.099035	-0.041949	0.892956	0.044686	0.447921	-0.447361	-0.022388	0.894073	0.049980	-0.998750	-0.000000	0.200268	-0.100334	-0.099877	0.892956	-0.447921	0.044686	-0.447361	-0.894073	-0.022388	0.049980	0.000000	-0.998750	
0.022000	0.000000	0.000000	0.000000	0.894032	0.448002	0.000000	-0.448002	0.894032	0.000000	0.000000	0.000000	1.000000	0.000000	0.000000	0.000000	0.526837	-0.722314	-0.448002	-0.263999	0.361953	-0.894032	0.807928	0.589281	0.000000	0.096938	-0.048576	0.148659	0.892911	0.044771	0.448002	-0.447440	-0.022435	0.894032	0.050078	-0.998745	-0.000000	0.197683	-0.099059	-0.041937	0.892914	-0.447996	0.044771	-0.447434	-0.894036	-0.022435	0.050078	0.000000	-0.998745	0.197683	-0.099059	-0.041937	0.892914	0.044771	0.447996	-0.447434	-0.022435	0.894036	0.050078	-0.998745	-0.000000	0.200280	-0.100361	-0.099865	0.892914	-0.447996	0.044771	-0.447434	-0.894036	-0.022435	0.050078	0.000000	-0.998745	
0.023000	0.000000	0.000000	0.000000	0.893993	0.448081	0.000000	-0.448081	0.893993	0.000000	0.000000	0.000000	1.000000	0.000000	0.000000	0.000000	0.526805	-0.722288	-0.448081	-0.264042	0.362021	-0.893993	0.807935	0.589272	0.000000	0.096932	-0.048584	0.148660	0.892867	0.044858	0.448081	-0.447517	-0.022484	0.893993	0.050177	-0.998740	-0.000000	0.197690	-0.099085	-0.041925	0.892870	-0.448074	0.044858	-0.447510	-0.893996	-0.022484	0.050177	0.000000	-0.998740	0.197690	-0.099085	-0.041925	0.892870	0.044858	0.448074	-0.447510	-0.022484	0.893996	0.050177	-0.998740	-0.000000	0.200291	-0.100389	-0.099852	0.892870	-0.448074	0.044858	-0.447510	-0.893996	-0.022484	0.050177	0.000000	-0.998740	
0.024000	0.000000	0.000000	0.000000	0.893951	0.448164	0.000000	-0.448164	0.893951	0.000000	0.000000	0.000000	1.000000	0.000000	0.000000	0.000000	0.526770	-0.722262	-0.448164	-0.264085	0.362091	-0.893951	0.807943	0.589260	0.000000	0.096926	-0.048592	0.148662	0.892821	0.044948	0.448164	-0.447597	-0.022534	0.893951	0.050280	-0.998735	-0.000000	0.197696	-0.099111	-0.041912	0.892825	-0.448156	0.044948	-0.447589	-0.893955	-0.022534	0.050280	0.000000	-0.998735	0.197696	-0.099111	-0.041912	0.892825	0.044948	0.448156	-0.447589	-0.022534	0.893955	0.050280	-0.998735	-0.000000	0.200303	-0.100418	-0.099838	0.892825	-0.448156	0.044948	-0.447589	-0.893955	-0.022534	0.050280	0.000000	-0.998735	
0.025000	0.000000	0.000000	0.000000	0.893908	0.448250	0.000000	-0.448250	0.893908	0.000000	0.000000	0.000000	1.000000	0.000000	0.000000	0.000000	0.526733	-0.722236	-0.448250	-0.264130	0.362165	-0.893908	0.807953	0.589247	0.000000	0.096919	-0.048600	0.148663	0.892773	0.045040	0.448250	-0.447681	-0.022585	0.893908	0.050385	-0.998730	-0.000000	0.197702	-0.099138	-0.041898	0.892777	-0.448242	0.045040	-0.447672	-0.893912	-0.022585	0.050385	0.000000	-0.998730	0.197702	-0.099138	-0.041898	0.892777	0.045040	0.448242	-0.447672	-0.022585	0.893912	0.050385	-0.998730	-0.000000	0.200315	-0.100448	-0.099824	0.892777	-0.448242	0.045040	-0.447672	-0.893912	-0.022585	0.050385	0.000000	-0.998730	
0.026000	0.000000	0.000000	0.000000	0.893863	0.448339	0.000000	-0.448339	0.893863	0.000000	0.000000	0.000000	1.000000	0.000000	0.000000	0.000000	0.526693	-0.722209	-0.448339	-0.264176	0.362242	-0.893863	0.807964	0.589232	0.000000	0.096912	-0.048608	0.148665	0.892723	0.045134	0.448339	-0.447767	-0.022638	0.893863	0.050493	-0.998724	-0.000000	0.197708	-0.099165	-0.041884	0.892728	-0.448330	0.045134	-0.447758	-0.893868	-0.022638	0.050493	0.000001	-0.998724	0.197708	-0.099165	-0.041884	0.892728	0.045134	0.448330	-0.447758	-0.022638	0.893868	0.050493	-0.998724	-0.000001	0.200326	-0.100478	-0.099810	0.892728	-0.448330	0.045134	-0.447758	-0.893868	-0.022638	0.050493	0.000001	-0.998724	
0.027000	0.000000	0.000000	0.000000	0.893817	0.448432	0.000000	-0.448432	0.893817	0.000000	0.000000	0.000000	1.000000	0.000000	0.000000	0.000000	0.526651	-0.722182	-0.448432	-0.264223	0.362322	-0.893817	0.807976	0.589216	0.000000	0.096904	-0.048617	0.148668	0.892672	0.045231	0.448432	-0.447858	-0.022692	0.893817	0.050604	-0.998719	-0.000000	0.197714	-0.099194	-0.041869	0.892677	-0.448422	0.045231	-0.447848	-0.893822	-0.022692	0.050604	0.000001	-0.998719	0.197714	-0.099194	-0.041869	0.892677	0.045231	0.448422	-0.447848	-0.022692	0.893822	0.050604	-0.998719	-0.000001	0.200338	-0.100510	-0.099795	0.892677	-0.448422	0.045231	-0.447848	-0.893822	-0.022692	0.050604	0.000001	-0.998719	
0.028000	0.000000	0.000000	0.000000	0.893769	0.448528	0.000000	-0.448528	0.893769	0.000000	0.000000	0.000000	1.000000	0.000000	0.000000	0.000000	0.526606	-0.722155	-0.448528	-0.264272	0.362406	-0.893769	0.807989	0.589197	0.000000	0.096896	-0.048626	0.148670	0.892618	0.045329	0.448528	-0.447951	-0.022748	0.893769	0.050717	-0.998713	-0.000000	0.197720	-0.099224	-0.041854	0.892624	-0.448518	0.045329	-0.447940	-0.893774	-0.022748	0.050717	0.000001	-0.998713	0.197720	-0.099224	-0.041854	0.892624	0.045329	0.448518	-0.447940	-0.022748	0.893774	0.050717	-0.998713	-0.000001	0.200349	-0.100543	-0.099779	0.892624	-0.448518	0.045329	-0.447940	-0.893774	-0.022748	0.050717	0.000001	-0.998713	
0.029000	0.000000	0.000000	0.000000	0.893719	0.448628	0.000000	-0.448628	0.893719	0.000000	0.000000	0.000000	1.000000	0.000000	0.000000	0.000000	0.526559	-0.722128	-0.448628	-0.264322	0.362493	-0.893719	0.808004	0.589178	0.000000	0.096887	-0.048635	0.148673	0.892563	0.045431	0.448628	-0.448048	-0.022805	0.893719	0.050833	-0.998707	-0.000000	0.197725	-0.099254	-0.041838	0.892569	-0.448616	0.045431	-0.448036	-0.893724	-0.022805	0.050833	0.000001	-0.998707	0.197725	-0.099254	-0.041838	0.892569	0.045431	0.448616	-0.448036	-0.022805	0.893724	0.050833	-0.998707	-0.000001	0.200360	-0.100577	-0.099763	0.892569	-0.448616	0.045431	-0.448036	-0.893724	-0.022805	0.050833	0.000001	-0.998707	
0.030000	0.000000	0.000000	0.000000	0.893667	0.448731	0.000000	-0.448731	0.893667	0.000000	0.000000	0.000000	1.000000	0.000000	0.000000	0.000000	0.526509	-0.722100	-0.448731	-0.264373	0.362583	-0.893667	0.808019	0.589156	0.000000	0.096878	-0.048645	0.148676	0.892506	0.045534	0.448731	-0.448148	-0.022864	0.893667	0.050952	-0.998701	-0.000000	0.197731	-0.099285	-0.041822	0.892512	-0.448718	0.045534	-0.448136	-0.893673	-0.022864	0.050952	0.000001	-0.998701	0.197731	-0.099285	-0.041822	0.892512	0.045534	0.448718	-0.448136	-0.022864	0.893673	0.050952	-0.998701	-0.000001	0.200371	-0.100611	-0.099746	0.892512	-0.448718	0.045534	-0.448136	-0.893673	-0.022864	0.050952	0.000001	-0.998701	
0.031000	0.000000	0.000000	0.000000	0.893614	0.448837	0.000000	-0.448837	0.893614	0.000000	0.000000	0.000000	1.000000	0.000000	0.000000	0.000000	0.526457	-0.722072	-0.448837	-0.264425	0.362677	-0.893614	0.808036	0.589133	0.000000	0.096868	-0.048654	0.148679	0.892447	0.045640	0.448837	-0.448251	-0.022924	0.893614	0.051073	-0.998695	-0.000000	0.197736	-0.099317	-0.041805	0.892454	-0.448824	0.045640	-0.448238	-0.893620	-0.022924	0.051073	0.000001	-0.998695	0.197736	-0.099317	-0.041805	0.892454	0.045640	0.448824	-0.448238	-0.022924	0.893620	0.051073	-0.998695	-0.000001	0.200383	-0.100647	-0.099729	0.892454	-0.448824	0.045640	-0.448238	-0.893620	-0.022924	0.051073	0.000001	-0.998695	
0.032000	0.000000	0.000000	0.000000	0.893559	0.448947	0.000000	-0.448947	0.893559	0.000000	0.000000	0.000000	1.000000	0.000000	0.000000	0.000000	0.526403	-0.722044	-0.448947	-0.264478	0.362773	-0.893559	0.808054	0.589108	0.000000	0.096858	-0.048664	0.148682	0.892387	0.045748	0.448947	-0.448358	-0.022985	0.893559	0.051197	-0.998689	-0.000000	0.197740	-0.099350	-0.041788	0.892394	-0.448932	0.045748	-0.448344	-0.893566	-0.022985	0.051197	0.000001	-0.998689	0.197740	-0.099350	-0.041788	0.892394	0.045748	0.448932	-0.448344	-0.022985	0.893566	0.051197	-0.998689	-0.000001	0.200394	-0.100683	-0.099712	0.892394	-0.448932	0.045748	-0.448344	-0.893566	-0.022985	0.051197	0.000001	-0.998689	
0.033000	0.000000	0.000000	0.000000	0.893502	0.449060	0.000000	-0.449060	0.893502	0.000000	0.000000	0.000000	1.000000	0.000000	0.000000	0.000000	0.526345	-0.722015	-0.449060	-0.264533	0.362873	-0.893502	0.808074	0.589082	0.000000	0.096848	-0.048674	0.148686	0.892324	0.045858	0.449060	-0.448468	-0.023047	0.893502	0.051324	-0.998682	-0.000000	0.197745	-0.099384	-0.041770	0.892332	-0.449044	0.045858	-0.448452	-0.893510	-0.023047	0.051324	0.000001	-0.998682	0.197745	-0.099384	-0.041770	0.892332	0.045858	0.449044	-0.448452	-0.023047	0.893510	0.051324	-0.998682	-0.000001	0.200405	-0.100720	-0.099693	0.892332	-0.449044	0.045858	-0.448452	-0.893510	-0.023047	0.051324	0.000001	-0.998682	
0.034000	0.000000	0.000000	0.000000	0.893443	0.449176	0.000000	-0.449176	0.893443	0.000000	0.000000	0.000000	1.000000	0.000000	0.000000	0.000000	0.526286	-0.721986	-0.449176	-0.264588	0.362976	-0.893443	0.808094	0.589053	0.000000	0.096837	-0.048684	0.148689	0.892260	0.045971	0.449176	-0.448581	-0.023112	0.893443	0.051453	-0.998675	-0.000000	0.197750	-0.099418	-0.041751	0.892268	-0.449159	0.045971	-0.448564	-0.893452	-0.023112	0.051453	0.000001	-0.998675	0.197750	-0.099418	-0.041751	0.892268	0.045971	0.449159	-0.448564	-0.023112	0.893452	0.051453	-0.998675	-0.000001	0.200416	-0.100758	-0.099675	0.892268	-0.449159	0.045971	-0.448564	-0.893452	-0.023112	0.051453	0.000001	-0.998675	
0.035000	0.000000	0.000000	0.000000	0.893383	0.449295	0.000000	-0.449295	0.893383	0.000000	0.000000	0.000000	1.000000	0.000000	0.000000	0.000000	0.526224	-0.721957	-0.449295	-0.264645	0.363083	-0.893383	0.808116	0.589024	0.000000	0.096825	-0.048695	0.148693	0.892194	0.046085	0.449295	-0.448697	-0.023177	0.893383	0.051585	-0.998669	-0.000000	0.197754	-0.099453	-0.041732	0.892203	-0.449278	0.046085	-0.448680	-0.893392	-0.023177	0.051585	0.000001	-0.998669	0.197754	-0.099453	-0.041732	0.892203	0.046085	0.449278	-0.448680	-0.023177	0.893392	0.051585	-0.998669	-0.000001	0.200427	-0.100797	-0.099655	0.892203	-0.449278	0.046085	-0.448680	-0.893392	-0.023177	0.051585	0.000001	-0.998669	
0.036000	0.000000	0.000000	0.000000	0.893322	0.449418	0.000000	-0.449418	0.893322	0.000000	0.000000	0.000000	1.000000	0.000000	0.000000	0.000000	0.526159	-0.721928	-0.449418	-0.264704	0.363192	-0.893322	0.808139	0.588992	0.000000	0.096813	-0.048705	0.148698	0.892126	0.046202	0.449418	-0.448816	-0.023244	0.893322	0.051720	-0.998662	-0.000000	0.197758	-0.099489	-0.041713	0.892135	-0.449399	0.046202	-0.448798	-0.893331	-0.023244	0.051720	0.000001	-0.998662	0.197758	-0.099489	-0.041713	0.892135	0.046202	0.449399	-0.448798	-0.023244	0.893331	0.051720	-0.998662	-0.000001	0.200438	-0.100837	-0.099635	0.892135	-0.449399	0.046202	-0.448798	-0.893331	-0.023244	0.051720	0.000001	-0.998662	
0.037000	0.000000	0.000000	0.000000	0.893258	0.449544	0.000000	-0.449544	0.893258	0.000000	0.000000	0.000000	1.000000	0.000000	0.000000	0.000000	0.526093	-0.721898	-0.449544	-0.264763	0.363304	-0.893258	0.808163	0.588959	0.000000	0.096801	-0.048716	0.148702	0.892057	0.046321	0.449544	-0.448939	-0.023312	0.893258	0.051857	-0.998655	-0.000000	0.197762	-0.099526	-0.041693	0.892066	-0.449524	0.046321	-0.448919	-0.893268	-0.023312	0.051857	0.000001	-0.998655	0.197762	-0.099526	-0.041693	0.892066	0.046321	0.449524	-0.448919	-0.023312	0.893268	0.051857	-0.998655	-0.000001	0.200449	-0.100878	-0.099615	0.892066	-0.449524	0.046321	-0.448919	-0.893268	-0.023312	0.051857	0.000001	-0.998655	
0.038000	0.000000	0.000000	0.000000	0.893193	0.449673	0.000000	-0.449673	0.893193	0.000000	0.000000	0.000000	1.000000	0.000000	0.000000	0.000000	0.526023	-0.721868	-0.449673	-0.264823	0.363420	-0.893193	0.808188	0.588924	0.000000	0.096788	-0.048727	0.148707	0.891985	0.046443	0.449673	-0.449064	-0.023381	0.893193	0.051997	-0.998647	-0.000000	0.197766	-0.099564	-0.041673	0.891996	-0.449652	0.046443	-0.449044	-0.893204	-0.023381	0.051997	0.000001	-0.998647	0.197766	-0.099564	-0.041673	0.891996	0.046443	0.449652	-0.449044	-0.023381	0.893204	0.051997	-0.998647	-0.000001	0.200459	-0.100920	-0.099594	0.891996	-0.449652	0.046443	-0.449044	-0.893204	-0.023381	0.051997	0.000001	-0.998647	
0.039000	0.000000	0.000000	0.000000	0.893127	0.449805	0.000000	-0.449805	0.893127	0.000000	0.000000	0.000000	1.000000	0.000000	0.000000	0.000000	0.525952	-0.721838	-0.449805	-0.264885	0.363539	-0.893127	0.808215	0.588888	0.000000	0.096775	-0.048739	0.148711	0.891912	0.046567	0.449805	-0.449193	-0.023452	0.893127	0.052139	-0.998640	-0.000000	0.197769	-0.099602	-0.041652	0.891923	-0.449783	0.046567	-0.449171	-0.893138	-0.023452	0.052139	0.000001	-0.998640	0.197769	-0.099602	-0.041652	0.891923	0.046567	0.449783	-0.449171	-0.023452	0.893138	0.052139	-0.998640	-0.000001	0.200470	-0.100963	-0.099573	0.891923	-0.449783	0.046567	-0.449171	-0.893138	-0.023452	0.052139	0.000001	-0.998640	
0.040000	0.000000	0.000000	0.000000	0.893059	0.449940	0.000000	-0.449940	0.893059	0.000000	0.000000	0.000000	1.000000	0.000000	0.000000	0.000000	0.525878	-0.721808	-0.449940	-0.264947	0.363661	-0.893059	0.808242	0.588850	0.000000	0.096761	-0.048750	0.148717	0.891837	0.046692	0.449940	-0.449325	-0.023525	0.893059	0.052284	-0.998632	-0.000000	0.197772	-0.099642	-0.041630	0.891849	-0.449917	0.046692	-0.449302	-0.893070	-0.023525	0.052284	0.000001	-0.998632	0.197772	-0.099642	-0.041630	0.891849	0.046692	0.449917	-0.449302	-0.023525	0.893070	0.052284	-0.998632	-0.000001	0.200481	-0.101006	-0.099551	0.891849	-0.449917	0.046692	-0.449302	-0.893070	-0.023525	0.052284	0.000001	-0.998632	
0.041000	0.000000	0.000000	0.000000	0.892989	0.450079	0.000000	-0.450079	0.892989	0.000000	0.000000	0.000000	1.000000	0.000000	0.000000	0.000000	0.525801	-0.721777	-0.450079	-0.265011	0.363786	-0.892989	0.808271	0.588811	0.000000	0.096747	-0.048762	0.148722	0.891761	0.046821	0.450079	-0.449460	-0.023598	0.892989	0.052431	-0.998625	-0.000000	0.197776	-0.099682	-0.041608	0.891773	-0.450054	0.046821	-0.449435	-0.893001	-0.023598	0.052431	0.000001	-0.998625	0.197776	-0.099682	-0.041608	0.891773	0.046821	0.450054	-0.449435	-0.023598	0.893001	0.052431	-0.998625	-0.000001	0.200491	-0.101050	-0.099528	0.891773	-0.450054	0.046821	-0.449435	-0.893001	-0.023598	0.052431	0.000001	-0.998625	
0.042000	0.000000	0.000000	0.000000	0.892917	0.450220	0.000000	-0.450220	0.892917	0.000000	0.000000	0.000000	1.000000	0.000000	0.000000	0.000000	0.525723	-0.721746	-0.450220	-0.265076	0.363914	-0.892917	0.808301	0.588769	0.000000	0.096733	-0.048774	0.148727	0.891682	0.046951	0.450220	-0.449598	-0.023673	0.892917	0.052581	-0.998617	-0.000000	0.197779	-0.099722	-0.041586	0.891695	-0.450195	0.046951	-0.449572	-0.892930	-0.023673	0.052581	0.000002	-0.998617	0.197779	-0.099722	-0.041586	0.891695	0.046951	0.450195	-0.449572	-0.023673	0.892930	0.052581	-0.998617	-0.000002	0.200502	-0.101096	-0.099505	0.891695	-0.450195	0.046951	-0.449572	-0.892930	-0.023673	0.052581	0.000002	-0.998617	
0.043000	0.000000	0.000000	0.000000	0.892844	0.450365	0.000000	-0.450365	0.892844	0.000000	0.000000	0.000000	1.000000	0.000000	0.000000	0.000000	0.525641	-0.721715	-0.450365	-0.265142	0.364045	-0.892844	0.808332	0.588727	0.000000	0.096718	-0.048786	0.148733	0.891602	0.047083	0.450365	-0.449738	-0.023750	0.892844	0.052734	-0.998609	-0.000000	0.197781	-0.099764	-0.041563	0.891616	-0.450338	0.047083	-0.449711	-0.892858	-0.023750	0.052734	0.000002	-0.998609	0.197781	-0.099764	-0.041563	0.891616	0.047083	0.450338	-0.449711	-0.023750	0.892858	0.052734	-0.998609	-0.000002	0.200512	-0.101142	-0.099482	0.891616	-0.450338	0.047083	-0.449711	-0.892858	-0.023750	0.052734	0.000002	-0.998609	
0.044000	0.000000	0.000000	0.000000	0.892770	0.450513	0.000000	-0.450513	0.892770	0.000000	0.000000	0.000000	1.000000	0.000000	0.000000	0.000000	0.525558	-0.721683	-0.450513	-0.265209	0.364179	-0.892770	0.808364	0.588682	0.000000	0.096703	-0.048798	0.148739	0.891520	0.047218	0.450513	-0.449882	-0.023827	0.892770	0.052889	-0.998600	-0.000000	0.197784	-0.099806	-0.041539	0.891535	-0.450484	0.047218	-0.449854	-0.892784	-0.023827	0.052889	0.000002	-0.998600	0.197784	-0.099806	-0.041539	0.891535	0.047218	0.450484	-0.449854	-0.023827	0.892784	0.052889	-0.998600	-0.000002	0.200523	-0.101188	-0.099458	0.891535	-0.450484	0.047218	-0.449854	-0.892784	-0.023827	0.052889	0.000002	-0.998600	
0.045000	0.000000	0.000000	0.000000	0.892694	0.450664	0.000000	-0.450664	0.892694	0.000000	0.000000	0.000000	1.000000	0.000000	0.000000	0.000000	0.525472	-0.721652	-0.450664	-0.265277	0.364316	-0.892694	0.808398	0.588636	0.000000	0.096687	-0.048811	0.148745	0.891437	0.047355	0.450664	-0.450029	-0.023906	0.892694	0.053047	-0.998592	-0.000000	0.197786	-0.099850	-0.041515	0.891452	-0.450634	0.047355	-0.449999	-0.892709	-0.023906	0.053047	0.000002	-0.998592	0.197786	-0.099850	-0.041515	0.891452	0.047355	0.450634	-0.449999	-0.023906	0.892709	0.053047	-0.998592	-0.000002	0.200533	-0.101236	-0.099433	0.891452	-0.450634	0.047355	-0.449999	-0.892709	-0.023906	0.053047	0.000002	-0.998592	
0.046000	0.000000	0.000000	0.000000	0.892616	0.450818	0.000000	-0.450818	0.892616	0.000000	0.000000	0.000000	1.000000	0.000000	0.000000	0.000000	0.525384	-0.721620	-0.450818	-0.265346	0.364456	-0.892616	0.808433	0.588589	0.000000	0.096671	-0.048824	0.148752	0.891352	0.047493	0.450818	-0.450179	-0.023987	0.892616	0.053207	-0.998584	-0.000000	0.197789	-0.099894	-0.041490	0.891368	-0.450786	0.047493	-0.450148	-0.892632	-0.023987	0.053207	0.000002	-0.998584	0.197789	-0.099894	-0.041490	0.891368	0.047493	0.450786	-0.450148	-0.023987	0.892632	0.053207	-0.998584	-0.000002	0.200543	-0.101285	-0.099408	0.891368	-0.450786	0.047493	-0.450148	-0.892632	-0.023987	0.053207	0.000002	-0.998584	
0.047000	0.000000	0.000000	0.000000	0.892537	0.450975	0.000000	-0.450975	0.892537	0.000000	0.000000	0.000000	1.000000	0.000000	0.000000	0.000000	0.525293	-0.721588	-0.450975	-0.265416	0.364599	-0.892537	0.808468	0.588540	0.000000	0.096654	-0.048837	0.148758	0.891265	0.047635	0.450975	-0.450332	-0.024068	0.892537	0.053370	-0.998575	-0.000000	0.197791	-0.099938	-0.041465	0.891281	-0.450942	0.047635	-0.450299	-0.892553	-0.024068	0.053370	0.000002	-0.998575	0.197791	-0.099938	-0.041465	0.891281	0.047635	0.450942	-0.450299	-0.024068	0.892553	0.053370	-0.998575	-0.000002	0.200553	-0.101334	-0.099383	0.891281	-0.450942	0.047635	-0.450299	-0.892553	-0.024068	0.053370	0.000002	-0.998575	
0.048000	0.000000	0.000000	0.000000	0.892456	0.451135	0.000000	-0.451135	0.892456	0.000000	0.000000	0.000000	1.000000	0.000000	0.000000	0.000000	0.525201	-0.721555	-0.451135	-0.265488	0.364745	-0.892456	0.808505	0.588489	0.000000	0.096637	-0.048850	0.148765	0.891176	0.047778	0.451135	-0.450488	-0.024152	0.892456	0.053535	-0.998566	-0.000000	0.197792	-0.099984	-0.041440	0.891194	-0.451100	0.047778	-0.450453	-0.892473	-0.024152	0.053535	0.000002	-0.998566	0.197792	-0.099984	-0.041440	0.891194	0.047778	0.451100	-0.450453	-0.024152	0.892473	0.053535	-0.998566	-0.000002	0.200564	-0.101384	-0.099357	0.891194	-0.451100	0.047778	-0.450453	-0.892473	-0.024152	0.053535	0.000002	-0.998566	
0.049000	0.000000	0.000000	0.000000	0.892374	0.451297	0.000000	-0.451297	0.892374	0.000000	0.000000	0.000000	1.000000	0.000000	0.000000	0.000000	0.525105	-0.721523	-0.451297	-0.265560	0.364894	-0.892374	0.808543	0.588437	0.000000	0.096619	-0.048863	0.148772	0.891086	0.047923	0.451297	-0.450646	-0.024236	0.892374	0.053703	-0.998557	-0.000000	0.197794	-0.100030	-0.041414	0.891104	-0.451262	0.047923	-0.450610	-0.892392	-0.024236	0.053703	0.000002	-0.998557	0.197794	-0.100030	-0.041414	0.891104	0.047923	0.451262	-0.450610	-0.024236	0.892392	0.053703	-0.998557	-0.000002	0.200574	-0.101436	-0.099330	0.891104	-0.451262	0.047923	-0.450610	-0.892392	-0.024236	0.053703	0.000002	-0.998557	
0.050000	0.000000	0.000000	0.000000	0.892290	0.451463	0.000000	-0.451463	0.892290	0.000000	0.000000	0.000000	1.000000	0.000000	0.000000	0.000000	0.525008	-0.721490	-0.451463	-0.265633	0.365045	-0.892290	0.808582	0.588383	0.000000	0.096601	-0.048877	0.148779	0.890994	0.048070	0.451463	-0.450808	-0.024322	0.892290	0.053873	-0.998548	-0.000000	0.197796	-0.100077	-0.041387	0.891013	-0.451426	0.048070	-0.450770	-0.892309	-0.024322	0.053873	0.000002	-0.998548	0.197796	-0.100077	-0.041387	0.891013	0.048070	0.451426	-0.450770	-0.024322	0.892309	0.053873	-0.998548	-0.000002	0.200584	-0.101487	-0.099303	0.891013	-0.451426	0.048070	-0.450770	-0.892309	-0.024322	0.053873	0.000002	-0.998548	
0.051000	0.000000	0.000000	0.000000	0.892204	0.451632	0.000000	-0.451632	0.892204	0.000000	0.000000	0.000000	1.000000	0.000000	0.000000	0.000000	0.524908	-0.721457	-0.451632	-0.265708	0.365200	-0.892204	0.808623	0.588328	0.000000	0.096583	-0.048890	0.148787	0.890900	0.048220	0.451632	-0.450972	-0.024409	0.892204	0.054046	-0.998538	-0.000000	0.197797	-0.100124	-0.041360	0.890920	-0.451593	0.048220	-0.450933	-0.892224	-0.024409	0.054046	0.000002	-0.998538	0.197797	-0.100124	-0.041360	0.890920	0.048220	0.451593	-0.450933	-0.024409	0.892224	0.054046	-0.998538	-0.000002	0.200594	-0.101540	-0.099275	0.890920	-0.451593	0.048220	-0.450933	-0.892224	-0.024409	0.054046	0.000002	-0.998538	
0.052000	0.000000	0.000000	0.000000	0.892117	0.451804	0.000000	-0.451804	0.892117	0.000000	0.000000	0.000000	1.000000	0.000000	0.000000	0.000000	0.524806	-0.721423	-0.451804	-0.265783	0.365358	-0.892117	0.808664	0.588271	0.000000	0.096564	-0.048904	0.148794	0.890805	0.048372	0.451804	-0.451139	-0.024497	0.892117	0.054221	-0.998529	-0.000000	0.197798	-0.100173	-0.041333	0.890826	-0.451763	0.048372	-0.451098	-0.892138	-0.024497	0.054221	0.000002	-0.998529	0.197798	-0.100173	-0.041333	0.890826	0.048372	0.451763	-0.451098	-0.024497	0.892138	0.054221	-0.998529	-0.000002	0.200604	-0.101594	-0.099247	0.890826	-0.451763	0.048372	-0.451098	-0.892138	-0.024497	0.054221	0.000002	-0.998529	
0.053000	0.000000	0.000000	0.000000	0.892029	0.451979	0.000000	-0.451979	0.892029	0.000000	0.000000	0.000000	1.000000	0.000000	0.000000	0.000000	0.524702	-0.721390	-0.451979	-0.265859	0.365518	-0.892029	0.808707	0.588212	0.000000	0.096545	-0.048918	0.148802	0.890708	0.048525	0.451979	-0.451309	-0.024587	0.892029	0.054399	-0.998519	-0.000000	0.197799	-0.100222	-0.041305	0.890730	-0.451936	0.048525	-0.451267	-0.892050	-0.024587	0.054399	0.000003	-0.998519	0.197799	-0.100222	-0.041305	0.890730	0.048525	0.451936	-0.451267	-0.024587	0.892050	0.054399	-0.998519	-0.000003	0.200614	-0.101648	-0.099219	0.890730	-0.451936	0.048525	-0.451267	-0.892050	-0.024587	0.054399	0.000003	-0.998519	
0.054000	0.000000	0.000000	0.000000	0.891939	0.452156	0.000000	-0.452156	0.891939	0.000000	0.000000	0.000000	1.000000	0.000000	0.000000	0.000000	0.524596	-0.721356	-0.452156	-0.265937	0.365681	-0.891939	0.808750	0.588152	0.000000	0.096526	-0.048932	0.148810	0.890609	0.048681	0.452156	-0.451482	-0.024678	0.891939	0.054579	-0.998509	-0.000000	0.197800	-0.100272	-0.041276	0.890632	-0.452112	0.048681	-0.451438	-0.891961	-0.024678	0.054579	0.000003	-0.998509	0.197800	-0.100272	-0.041276	0.890632	0.048681	0.452112	-0.451438	-0.024678	0.891961	0.054579	-0.998509	-0.000003	0.200623	-0.101703	-0.099190	0.890632	-0.452112	0.048681	-0.451438	-0.891961	-0.024678	0.054579	0.000003	-0.998509	
0.055000	0.000000	0.000000	0.000000	0.891847	0.452336	0.000000	-0.452336	0.891847	0.000000	0.000000	0.000000	1.000000	0.000000	0.000000	0.000000	0.524487	-0.721322	-0.452336	-0.266015	0.365847	-0.891847	0.808795	0.588091	0.000000	0.096506	-0.048947	0.148818	0.890509	0.048839	0.452336	-0.451658	-0.024771	0.891847	0.054762	-0.998499	-0.000000	0.197801	-0.100323	-0.041247	0.890533	-0.452290	0.048839	-0.451612	-0.891871	-0.024771	0.054762	0.000003	-0.998499	0.197801	-0.100323	-0.041247	0.890533	0.048839	0.452290	-0.451612	-0.024771	0.891871	0.054762	-0.998499	-0.000003	0.200633	-0.101759	-0.099160	0.890533	-0.452290	0.048839	-0.451612	-0.891871	-0.024771	0.054762	0.000003	-0.998499	
0.056000	0.000000	0.000000	0.000000	0.891754	0.452520	0.000000	-0.452520	0.891754	0.000000	0.000000	0.000000	1.000000	0.000000	0.000000	0.000000	0.524376	-0.721287	-0.452520	-0.266094	0.366016	-0.891754	0.808841	0.588028	0.000000	0.096485	-0.048961	0.148827	0.890407	0.048999	0.452520	-0.451836	-0.024864	0.891754	0.054947	-0.998489	-0.000000	0.197801	-0.100374	-0.041218	0.890432	-0.452472	0.048999	-0.451788	-0.891779	-0.024864	0.054947	0.000003	-0.998489	0.197801	-0.100374	-0.041218	0.890432	0.048999	0.452472	-0.451788	-0.024864	0.891779	0.054947	-0.998489	-0.000003	0.200643	-0.101816	-0.099130	0.890432	-0.452472	0.048999	-0.451788	-0.891779	-0.024864	0.054947	0.000003	-0.998489	
0.057000	0.000000	0.000000	0.000000	0.891660	0.452706	0.000000	-0.452706	0.891660	0.000000	0.000000	0.000000	1.000000	0.000000	0.000000	0.000000	0.524263	-0.721253	-0.452706	-0.266174	0.366188	-0.891660	0.808888	0.587963	0.000000	0.096464	-0.048976	0.148835	0.890304	0.049161	0.452706	-0.452017	-0.024960	0.891660	0.055134	-0.998479	-0.000000	0.197801	-0.100426	-0.041188	0.890329	-0.452656	0.049161	-0.451967	-0.891685	-0.024960	0.055134	0.000003	-0.998479	0.197801	-0.100426	-0.041188	0.890329	0.049161	0.452656	-0.451967	-0.024960	0.891685	0.055134	-0.998479	-0.000003	0.200653	-0.101874	-0.099099	0.890329	-0.452656	0.049161	-0.451967	-0.891685	-0.024960	0.055134	0.000003	-0.998479	
