# time	B0_r_i(1)	B0_r_i(2)	B0_r_i(3)	0_A_i(1,1)	0_A_i(1,2)	0_A_i(1,3)	0_A_i(2,1)	...
0.000000	0.000000	0.000000	0.000000	0.894393	0.447281	0.000000	-0.447281	0.894393	0.000000	0.000000	0.000000	1.000000	0.000000	0.000000	0.000000	0.526919	-0.722700	-0.447281	-0.263509	0.361418	-0.894393	0.808034	0.589136	0.000000	0.096953	-0.048486	0.148678	0.893340	0.043399	0.447281	-0.446754	-0.021703	0.894393	0.048523	-0.998822	-0.000000	0.197473	-0.098755	-0.042093	0.893340	-0.447281	0.043399	-0.446754	-0.894393	-0.021703	0.048523	0.000000	-0.998822	0.197473	-0.098755	-0.042093	0.893338	0.043428	0.447281	-0.446753	-0.021718	0.894393	0.048556	-0.998820	-0.000000	0.199992	-0.100015	-0.100025	0.893338	-0.447281	0.043428	-0.446753	-0.894393	-0.021718	0.048556	0.000000	-0.998820	
0.010000	0.000000	0.000000	0.000000	0.896228	0.443594	0.000000	-0.443594	0.896228	0.000000	0.000000	0.000000	1.000000	0.000000	0.000000	0.000000	0.526152	-0.725526	-0.443594	-0.260423	0.359105	-0.896228	0.809533	0.587074	0.000000	0.096812	-0.047918	0.148954	0.895080	0.045343	0.443594	-0.443026	-0.022443	0.896228	0.050594	-0.998719	-0.000000	0.197892	-0.097948	-0.041584	0.895080	-0.443594	0.045343	-0.443026	-0.896228	-0.022443	0.050594	0.000000	-0.998719	0.197892	-0.097948	-0.041584	0.895110	0.044739	0.443594	-0.443041	-0.022144	0.896228	0.049919	-0.998753	-0.000000	0.200487	-0.099233	-0.099511	0.895110	-0.443594	0.044739	-0.443041	-0.896228	-0.022144	0.049919	0.000000	-0.998753	
0.020000	0.000000	0.000000	0.000000	0.899633	0.436647	0.000000	-0.436647	0.899633	0.000000	0.000000	0.000000	1.000000	0.000000	0.000000	0.000000	0.524649	-0.730809	-0.436647	-0.254645	0.354707	-0.899633	0.812342	0.583181	0.000000	0.096535	-0.046855	0.149471	0.898295	0.049041	0.436647	-0.435998	-0.023803	0.899633	0.054513	-0.998513	-0.000000	0.198672	-0.096428	-0.040623	0.898294	-0.436649	0.049041	-0.436000	-0.899632	-0.023803	0.054513	-0.000000	-0.998513	0.198672	-0.096428	-0.040623	0.898390	0.047243	0.436649	-0.436047	-0.022930	0.899632	0.052513	-0.998620	0.000000	0.201412	-0.097758	-0.098543	0.898390	-0.436649	0.047243	-0.436047	-0.899632	-0.022930	0.052513	-0.000000	-0.998620	
0.030000	0.000000	0.000000	0.000000	0.904365	0.426760	0.000000	-0.426760	0.904365	0.000000	0.000000	0.000000	1.000000	0.000000	0.000000	0.000000	0.522413	-0.738215	-0.426760	-0.246521	0.348355	-0.904365	0.816279	0.577657	0.000000	0.096124	-0.045360	0.150195	0.902728	0.054388	0.426760	-0.425987	-0.025665	0.904365	0.060139	-0.998190	-0.000000	0.199765	-0.094267	-0.039255	0.902723	-0.426770	0.054388	-0.425997	-0.904360	-0.025665	0.060139	-0.000001	-0.998190	0.199765	-0.094267	-0.039255	0.902926	0.050917	0.426770	-0.426093	-0.024027	0.904360	0.056302	-0.998414	0.000001	0.202718	-0.095660	-0.097163	0.902926	-0.426770	0.050917	-0.426093	-0.904360	-0.024027	0.056302	-0.000001	-0.998414	
0.040000	0.000000	0.000000	0.000000	0.910212	0.414144	0.000000	-0.414144	0.910212	0.000000	0.000000	0.000000	1.000000	0.000000	0.000000	0.000000	0.519413	-0.747459	-0.414144	-0.236331	0.340092	-0.910212	0.821193	0.570651	0.000000	0.095572	-0.043485	0.151100	0.908142	0.061351	0.414144	-0.413202	-0.027915	0.910212	0.067403	-0.997726	-0.000000	0.201135	-0.091516	-0.037512	0.908128	-0.414174	0.061351	-0.413232	-0.910198	-0.027915	0.067403	-0.000002	-0.997726	0.201135	-0.091516	-0.037512	0.908485	0.055806	0.414174	-0.413395	-0.025391	0.910198	0.061311	-0.998119	0.000002	0.204372	-0.092989	-0.095403	0.908485	-0.414174	0.055806	-0.413395	-0.910198	-0.025391	0.061311	-0.000002	-0.998119	
0.050000	0.000000	0.000000	0.000000	0.916966	0.398965	0.000000	-0.398965	0.916966	0.000000	0.000000	0.000000	1.000000	0.000000	0.000000	0.000000	0.515603	-0.758275	-0.398965	-0.224335	0.329920	-0.916966	0.826939	0.562292	0.000000	0.094871	-0.041278	0.152157	0.914295	0.069936	0.398965	-0.397803	-0.030428	0.916966	0.076269	-0.997087	-0.000000	0.202751	-0.088215	-0.035417	0.914265	-0.399033	0.069936	-0.397872	-0.916936	-0.030428	0.076269	-0.000006	-0.997087	0.202751	-0.088215	-0.035417	0.914838	0.061991	0.399033	-0.398121	-0.026971	0.916936	0.067604	-0.997712	0.000006	0.206346	-0.089780	-0.093284	0.914838	-0.399033	0.061991	-0.398121	-0.916936	-0.026971	0.067604	-0.000006	-0.997712	
0.060000	0.000000	0.000000	0.000000	0.924422	0.381372	0.000000	-0.381372	0.924422	0.000000	0.000000	0.000000	1.000000	0.000000	0.000000	0.000000	0.510938	-0.770388	-0.381372	-0.210789	0.317825	-0.924422	0.833373	0.552712	0.000000	0.094013	-0.038785	0.153341	0.920940	0.080159	0.381372	-0.379936	-0.033070	0.924422	0.086713	-0.996233	-0.000000	0.204581	-0.084400	-0.032990	0.920885	-0.381504	0.080159	-0.380068	-0.924367	-0.033070	0.086713	-0.000012	-0.996233	0.204581	-0.084400	-0.032990	0.921745	0.069577	0.381504	-0.380422	-0.028702	0.924367	0.075265	-0.997164	0.000012	0.208616	-0.086065	-0.090825	0.921745	-0.381504	0.069577	-0.380422	-0.924367	-0.028702	0.075265	-0.000012	-0.997164	
0.070000	0.000000	0.000000	0.000000	0.932367	0.361514	0.000000	-0.361514	0.932367	0.000000	0.000000	0.000000	1.000000	0.000000	0.000000	0.000000	0.505386	-0.783513	-0.361514	-0.195958	0.303798	-0.932367	0.840348	0.542047	0.000000	0.092991	-0.036056	0.154624	0.927813	0.092040	0.361514	-0.359749	-0.035687	0.932367	0.098716	-0.995116	-0.000000	0.206596	-0.080105	-0.030251	0.927725	-0.361739	0.092040	-0.359975	-0.932279	-0.035687	0.098716	-0.000024	-0.995116	0.206596	-0.080105	-0.030251	0.928953	0.078682	0.361739	-0.360451	-0.030504	0.932279	0.084388	-0.996433	0.000024	0.211159	-0.081874	-0.088044	0.928953	-0.361739	0.078682	-0.360451	-0.932279	-0.030504	0.084388	-0.000024	-0.996433	
0.080000	0.000000	0.000000	0.000000	0.940588	0.339551	0.000000	-0.339551	0.940588	0.000000	0.000000	0.000000	1.000000	0.000000	0.000000	0.000000	0.498935	-0.797351	-0.339551	-0.180115	0.287843	-0.940588	0.847716	0.530450	0.000000	0.091804	-0.033141	0.155980	0.934643	0.105584	0.339551	-0.337405	-0.038116	0.940588	0.112253	-0.993680	-0.000000	0.208767	-0.075364	-0.027219	0.934514	-0.339906	0.105584	-0.337762	-0.940460	-0.038116	0.112253	-0.000043	-0.993680	0.208767	-0.075364	-0.027219	0.936199	0.089423	0.339906	-0.338370	-0.032274	0.940460	0.095069	-0.995471	0.000043	0.213953	-0.077236	-0.084957	0.936199	-0.339906	0.089423	-0.338370	-0.940460	-0.032274	0.095069	-0.000043	-0.995471	
0.090000	0.000000	0.000000	0.000000	0.948873	0.315658	0.000000	-0.315658	0.948873	0.000000	0.000000	0.000000	1.000000	0.000000	0.000000	0.000000	0.491604	-0.811595	-0.315658	-0.163540	0.269990	-0.948873	0.855325	0.518092	0.000000	0.090455	-0.030091	0.157380	0.941155	0.120776	0.315658	-0.313091	-0.040178	0.948873	0.127284	-0.991866	-0.000000	0.211066	-0.070215	-0.023916	0.940980	-0.316181	0.120776	-0.313618	-0.948699	-0.040178	0.127284	-0.000071	-0.991866	0.211066	-0.070215	-0.023916	0.943209	0.101911	0.316181	-0.314360	-0.033891	0.948699	0.107399	-0.994216	0.000071	0.216977	-0.072180	-0.081580	0.943209	-0.316181	0.101911	-0.314360	-0.948699	-0.033891	0.107399	-0.000071	-0.994216	
0.100000	0.000000	0.000000	0.000000	0.957017	0.290032	0.000000	-0.290032	0.957017	0.000000	0.000000	0.000000	1.000000	0.000000	0.000000	0.000000	0.483449	-0.825929	-0.290032	-0.146513	0.250304	-0.957017	0.863024	0.505162	0.000000	0.088955	-0.026958	0.158797	0.947077	0.137576	0.290032	-0.287019	-0.041694	0.957017	0.143755	-0.989613	-0.000000	0.213468	-0.064693	-0.020361	0.946853	-0.290762	0.137576	-0.287757	-0.956796	-0.041694	0.143755	-0.000111	-0.989613	0.213468	-0.064693	-0.020361	0.949708	0.116242	0.290762	-0.288622	-0.035210	0.956796	0.121458	-0.992597	0.000111	0.220210	-0.066735	-0.077931	0.949708	-0.290762	0.116242	-0.288622	-0.956796	-0.035210	0.121458	-0.000111	-0.992597	
0.110000	0.000000	0.000000	0.000000	0.964827	0.262885	0.000000	-0.262885	0.964827	0.000000	0.000000	0.000000	1.000000	0.000000	0.000000	0.000000	0.474568	-0.840046	-0.262885	-0.129305	0.228886	-0.964827	0.870670	0.491868	0.000000	0.087320	-0.023792	0.160203	0.952147	0.155908	0.262885	-0.259430	-0.042480	0.964827	0.161592	-0.986858	-0.000000	0.215950	-0.058839	-0.016577	0.951878	-0.263859	0.155908	-0.260417	-0.964561	-0.042480	0.161592	-0.000165	-0.986858	0.215950	-0.058839	-0.016577	0.955419	0.132487	0.263859	-0.261382	-0.036072	0.964561	0.137310	-0.990528	0.000165	0.223634	-0.060932	-0.074028	0.955419	-0.263859	0.132487	-0.261382	-0.964561	-0.036072	0.137310	-0.000165	-0.990528	
0.120000	0.000000	0.000000	0.000000	0.972128	0.234450	0.000000	-0.234450	0.972128	0.000000	0.000000	0.000000	1.000000	0.000000	0.000000	0.000000	0.465100	-0.853648	-0.234450	-0.112169	0.205876	-0.972128	0.878123	0.478435	0.000000	0.085578	-0.020639	0.161575	0.956126	0.175662	0.234450	-0.230590	-0.042365	0.972128	0.180698	-0.983539	-0.000000	0.218489	-0.052693	-0.012587	0.955819	-0.235698	0.175662	-0.231860	-0.971826	-0.042365	0.180698	-0.000236	-0.983539	0.218489	-0.052693	-0.012587	0.960073	0.150683	0.235698	-0.232886	-0.036306	0.971826	0.154995	-0.987915	0.000236	0.227229	-0.054799	-0.069886	0.960073	-0.235698	0.150683	-0.232886	-0.971826	-0.036306	0.154995	-0.000236	-0.987915	
0.130000	0.000000	0.000000	0.000000	0.978768	0.204970	0.000000	-0.204970	0.978768	0.000000	0.000000	0.000000	1.000000	0.000000	0.000000	0.000000	0.455226	-0.866462	-0.204970	-0.095332	0.181451	-0.978768	0.885257	0.465101	0.000000	0.083762	-0.017541	0.162887	0.958801	0.196691	0.204970	-0.200789	-0.041190	0.978768	0.200957	-0.979600	-0.000000	0.221070	-0.046296	-0.008416	0.958469	-0.206516	0.196691	-0.202367	-0.978443	-0.041190	0.200957	-0.000324	-0.979600	0.221070	-0.046296	-0.008416	0.963414	0.170835	0.206516	-0.203402	-0.035731	0.978443	0.174531	-0.984652	0.000324	0.230978	-0.048368	-0.065525	0.963414	-0.206516	0.170835	-0.203402	-0.978443	-0.035731	0.174531	-0.000324	-0.984652	
0.140000	0.000000	0.000000	0.000000	0.984622	0.174701	0.000000	-0.174701	0.984622	0.000000	0.000000	0.000000	1.000000	0.000000	0.000000	0.000000	0.445161	-0.878243	-0.174701	-0.078985	0.155826	-0.984622	0.891960	0.452114	0.000000	0.081910	-0.014533	0.164121	0.959999	0.218817	0.174701	-0.170332	-0.038825	0.984622	0.222235	-0.974993	-0.000000	0.223678	-0.039687	-0.004088	0.959660	-0.176554	0.218817	-0.172233	-0.984291	-0.038825	0.222235	-0.000429	-0.974993	0.223678	-0.039687	-0.004088	0.965204	0.192901	0.176554	-0.173216	-0.034173	0.984291	0.195904	-0.980623	0.000429	0.234866	-0.041669	-0.060964	0.965204	-0.176554	0.192901	-0.173216	-0.984291	-0.034173	0.195904	-0.000429	-0.980623	
0.150000	0.000000	0.000000	0.000000	0.989593	0.143897	0.000000	-0.143897	0.989593	0.000000	0.000000	0.000000	1.000000	0.000000	0.000000	0.000000	0.435144	-0.888788	-0.143897	-0.063274	0.129239	-0.989593	0.898135	0.439720	0.000000	0.080066	-0.011642	0.165257	0.959588	0.241837	0.143897	-0.139534	-0.035165	0.989593	0.244380	-0.969680	-0.000000	0.226304	-0.032907	0.000371	0.959262	-0.146055	0.241837	-0.141760	-0.989276	-0.035165	0.244379	-0.000550	-0.969680	0.226304	-0.032907	0.000371	0.965228	0.216800	0.146055	-0.142627	-0.031466	0.989276	0.219071	-0.975709	0.000550	0.238878	-0.034732	-0.056220	0.965228	-0.146055	0.216800	-0.142627	-0.989276	-0.031466	0.219071	-0.000550	-0.975709	
0.160000	0.000000	0.000000	0.000000	0.993616	0.112811	0.000000	-0.112811	0.993616	0.000000	0.000000	0.000000	1.000000	0.000000	0.000000	0.000000	0.425432	-0.897931	-0.112811	-0.048302	0.101948	-0.993616	0.903700	0.428166	0.000000	0.078280	-0.008888	0.166281	0.957481	0.265524	0.112811	-0.108709	-0.030147	0.993616	0.267230	-0.963633	-0.000000	0.228943	-0.025993	0.004934	0.957190	-0.115257	0.265524	-0.111246	-0.993335	-0.030147	0.267229	-0.000683	-0.963633	0.228943	-0.025993	0.004934	0.963304	0.242407	0.115257	-0.111940	-0.027460	0.993335	0.243957	-0.969786	0.000683	0.243003	-0.027586	-0.051314	0.963304	-0.115257	0.242407	-0.111940	-0.993335	-0.027460	0.243957	-0.000683	-0.969786	
0.170000	0.000000	0.000000	0.000000	0.996658	0.081687	0.000000	-0.081687	0.996658	0.000000	0.000000	0.000000	1.000000	0.000000	0.000000	0.000000	0.416285	-0.905557	-0.081687	-0.034119	0.074221	-0.996658	0.908594	0.417681	0.000000	0.076596	-0.006278	0.167181	0.953641	0.289647	0.081687	-0.078162	-0.023740	0.996658	0.290618	-0.956839	-0.000000	0.231592	-0.018982	0.009574	0.953406	-0.084387	0.289647	-0.080983	-0.996433	-0.023740	0.290617	-0.000823	-0.956839	0.231592	-0.018982	0.009574	0.959279	0.269560	0.084387	-0.081464	-0.022034	0.996433	0.270458	-0.962731	0.000823	0.247227	-0.020260	-0.046264	0.959279	-0.084387	0.269560	-0.081464	-0.996433	-0.022034	0.270458	-0.000823	-0.962731	
0.180000	0.000000	0.000000	0.000000	0.998711	0.050753	0.000000	-0.050753	0.998711	0.000000	0.000000	0.000000	1.000000	0.000000	0.000000	0.000000	0.407953	-0.911591	-0.050753	-0.020731	0.046326	-0.998711	0.912768	0.408479	0.000000	0.075063	-0.003815	0.167949	0.948075	0.313972	0.050753	-0.048180	-0.015956	0.998711	0.314377	-0.949298	-0.000000	0.234254	-0.011904	0.014268	0.947915	-0.053660	0.313972	-0.051242	-0.998559	-0.015956	0.314376	-0.000964	-0.949298	0.234254	-0.011904	0.014268	0.953037	0.298062	0.053660	-0.051502	-0.015096	0.998559	0.298442	-0.954427	0.000964	0.251541	-0.012780	-0.041089	0.953037	-0.053660	0.298062	-0.051502	-0.998559	-0.015096	0.298442	-0.000964	-0.954427	
0.190000	0.000000	0.000000	0.000000	0.999796	0.020215	0.000000	-0.020215	0.999796	0.000000	0.000000	0.000000	1.000000	0.000000	0.000000	0.000000	0.400665	-0.916001	-0.020215	-0.008101	0.018521	-0.999796	0.916189	0.400747	0.000000	0.073722	-0.001491	0.168579	0.940830	0.338277	0.020215	-0.019023	-0.006840	0.999796	0.338346	-0.941022	-0.000000	0.236930	-0.004791	0.018988	0.940759	-0.023271	0.338277	-0.022271	-0.999729	-0.006840	0.338344	-0.001099	-0.941022	0.236930	-0.004791	0.018988	0.944499	0.327688	0.023271	-0.022346	-0.006589	0.999729	0.327752	-0.944763	0.001099	0.255936	-0.005173	-0.035808	0.944499	-0.023271	0.327688	-0.022346	-0.999729	-0.006589	0.327752	-0.001099	-0.944763	
0.200000	0.000000	0.000000	0.000000	0.999953	-0.009740	0.000000	0.009740	0.999953	0.000000	0.000000	0.000000	1.000000	0.000000	0.000000	0.000000	0.394624	-0.918791	0.009740	0.003844	-0.008950	-0.999953	0.918835	0.394642	0.000000	0.072611	0.000707	0.169066	0.931989	0.362356	-0.009740	0.009078	0.003530	0.999953	0.362373	-0.932033	-0.000000	0.239627	0.002334	0.023712	0.932016	0.006604	0.362356	0.005713	-0.999977	0.003530	0.362371	-0.001220	-0.932033	0.239627	0.002334	0.023712	0.933623	0.358196	-0.006604	0.005729	0.003504	0.999977	0.358211	-0.933640	0.001220	0.260403	0.002537	-0.030440	0.933623	0.006604	0.358196	0.005729	-0.999977	0.003504	0.358211	-0.001220	-0.933640	
0.210000	0.000000	0.000000	0.000000	0.999241	-0.038955	0.000000	0.038955	0.999241	0.000000	0.000000	0.000000	1.000000	0.000000	0.000000	0.000000	0.389991	-0.919994	0.038955	0.015204	-0.035866	-0.999241	0.920693	0.390288	0.000000	0.071758	0.002797	0.169408	0.921664	0.386029	-0.038955	0.035931	0.015049	0.999241	0.386323	-0.922364	-0.000000	0.242352	0.009448	0.028415	0.921791	0.035812	0.386029	0.032523	-0.999358	0.015049	0.386320	-0.001317	-0.922364	0.242352	0.009448	0.028415	0.920401	0.389332	-0.035812	0.032469	0.015166	0.999358	0.389626	-0.920972	0.001317	0.264933	0.010328	-0.025001	0.920401	0.035812	0.389332	0.032469	-0.999358	0.015166	0.389626	-0.001317	-0.920972	
0.220000	0.000000	0.000000	0.000000	0.997733	-0.067296	0.000000	0.067296	0.997733	0.000000	0.000000	0.000000	1.000000	0.000000	0.000000	0.000000	0.386893	-0.919666	0.067296	0.026095	-0.062030	-0.997733	0.921755	0.387772	0.000000	0.071188	0.004802	0.169603	0.909984	0.409146	-0.067296	0.061377	0.027596	0.997733	0.410076	-0.912051	-0.000000	0.245109	0.016532	0.033079	0.910206	0.064223	0.409146	0.058009	-0.997935	0.027596	0.410074	-0.001384	-0.912051	0.245109	0.016532	0.033079	0.904858	0.420841	-0.064223	0.057648	0.028342	0.997935	0.421792	-0.906692	0.001384	0.269518	0.018176	-0.019509	0.904858	0.064223	0.420841	0.057648	-0.997935	0.028342	0.421792	-0.001384	-0.906692	
0.230000	0.000000	0.000000	0.000000	0.995510	-0.094656	0.000000	0.094656	0.995510	0.000000	0.000000	0.000000	1.000000	0.000000	0.000000	0.000000	0.385410	-0.917878	0.094656	0.036646	-0.087275	-0.995510	0.922018	0.387148	0.000000	0.070915	0.006743	0.169651	0.897092	0.431586	-0.094656	0.085298	0.041037	0.995510	0.433533	-0.901138	-0.000000	0.247907	0.023572	0.037682	0.897396	0.091731	0.431586	0.082053	-0.995783	0.041037	0.433530	-0.001413	-0.901138	0.247907	0.023572	0.037682	0.887050	0.452469	-0.091731	0.081070	0.042946	0.995783	0.454501	-0.890745	0.001413	0.274150	0.026063	-0.013981	0.887050	0.091731	0.452469	0.081070	-0.995783	0.042946	0.454501	-0.001413	-0.890745	
0.240000	0.000000	0.000000	0.000000	0.992658	-0.120954	0.000000	0.120954	0.992658	0.000000	0.000000	0.000000	1.000000	0.000000	0.000000	0.000000	0.385584	-0.914710	0.120954	0.046983	-0.111456	-0.992658	0.921476	0.388436	0.000000	0.070947	0.008645	0.169552	0.883135	0.453258	-0.120954	0.107609	0.055229	0.992658	0.456611	-0.889667	-0.000000	0.250749	0.030553	0.042208	0.883501	0.118250	0.453258	0.104570	-0.992983	0.055229	0.456609	-0.001398	-0.889667	0.250749	0.030553	0.042208	0.867055	0.483976	-0.118250	0.102567	0.058864	0.992983	0.487540	-0.873099	0.001398	0.278820	0.033968	-0.008432	0.867055	0.118250	0.483976	0.102567	-0.992983	0.058864	0.487540	-0.001398	-0.873099	
0.250000	0.000000	0.000000	0.000000	0.989265	-0.146131	0.000000	0.146131	0.989265	0.000000	0.000000	0.000000	1.000000	0.000000	0.000000	0.000000	0.387419	-0.910248	0.146131	0.057228	-0.134459	-0.989265	0.920126	0.391623	0.000000	0.071285	0.010530	0.169303	0.868259	0.474102	-0.146131	0.128256	0.070033	0.989265	0.479247	-0.877680	-0.000000	0.253640	0.037467	0.046640	0.868662	0.143715	0.474102	0.125504	-0.989618	0.070033	0.479245	-0.001333	-0.877680	0.253640	0.037467	0.046640	0.844976	0.515133	-0.143715	0.122008	0.075959	0.989618	0.520702	-0.853738	0.001333	0.283517	0.041873	-0.002877	0.844976	0.143715	0.515133	0.122008	-0.989618	0.075959	0.520702	-0.001333	-0.853738	
0.260000	0.000000	0.000000	0.000000	0.985418	-0.170149	0.000000	0.170149	0.985418	0.000000	0.000000	0.000000	1.000000	0.000000	0.000000	0.000000	0.390885	-0.904576	0.170149	0.067493	-0.156190	-0.985418	0.917961	0.396670	0.000000	0.071923	0.012419	0.168905	0.852604	0.494082	-0.170149	0.147216	0.085311	0.985418	0.501393	-0.865220	-0.000000	0.256581	0.044303	0.050965	0.853014	0.168081	0.494082	0.144826	-0.985772	0.085311	0.501391	-0.001216	-0.865220	0.256581	0.044303	0.050965	0.820929	0.545733	-0.168081	0.139291	0.094078	0.985772	0.553781	-0.832661	0.001216	0.288234	0.049760	0.002671	0.820929	0.168081	0.545733	0.139291	-0.985772	0.094078	0.553781	-0.001216	-0.832661	
0.270000	0.000000	0.000000	0.000000	0.981201	-0.192987	0.000000	0.192987	0.981201	0.000000	0.000000	0.000000	1.000000	0.000000	0.000000	0.000000	0.395926	-0.897774	0.192987	0.077872	-0.176578	-0.981201	0.914975	0.403511	0.000000	0.072850	0.014329	0.168355	0.836301	0.513183	-0.192987	0.164487	0.100935	0.981201	0.523015	-0.852323	-0.000000	0.259573	0.051054	0.055170	0.836684	0.191318	0.513183	0.162529	-0.981528	0.100935	0.523014	-0.001044	-0.852323	0.259573	0.051054	0.055170	0.795046	0.575586	-0.191318	0.154345	0.113054	0.981528	0.586583	-0.809888	0.001044	0.292957	0.057611	0.008197	0.795046	0.191318	0.575586	0.154345	-0.981528	0.113054	0.586583	-0.001044	-0.809888	
0.280000	0.000000	0.000000	0.000000	0.976693	-0.214641	0.000000	0.214641	0.976693	0.000000	0.000000	0.000000	1.000000	0.000000	0.000000	0.000000	0.402458	-0.889919	0.214641	0.088446	-0.195572	-0.976693	0.911156	0.412062	0.000000	0.074052	0.016274	0.167653	0.819471	0.531410	-0.214641	0.180090	0.116785	0.976693	0.544092	-0.839026	-0.000000	0.262614	0.057713	0.059245	0.819792	0.213411	0.531410	0.178624	-0.976962	0.116785	0.544091	-0.000817	-0.839026	0.262614	0.057713	0.059245	0.767466	0.604525	-0.213411	0.167131	0.132711	0.976962	0.618921	-0.785453	0.000817	0.297677	0.065410	0.013689	0.767466	0.213411	0.604525	0.167131	-0.976962	0.132711	0.618921	-0.000817	-0.785453	
0.290000	0.000000	0.000000	0.000000	0.971966	-0.235120	0.000000	0.235120	0.971966	0.000000	0.000000	0.000000	1.000000	0.000000	0.000000	0.000000	0.410383	-0.881081	0.235120	0.099272	-0.213135	-0.971966	0.906494	0.422220	0.000000	0.075511	0.018266	0.166795	0.802220	0.548782	-0.235120	0.194058	0.132751	0.971966	0.564610	-0.825358	-0.000000	0.265700	0.064273	0.063180	0.802442	0.234359	0.548782	0.193137	-0.972150	0.132751	0.564610	-0.000535	-0.825358	0.265700	0.064273	0.063180	0.738337	0.632403	-0.234359	0.177635	0.152874	0.972150	0.650618	-0.759405	0.000535	0.302380	0.073140	0.019134	0.738337	0.234359	0.632403	0.177635	-0.972150	0.152874	0.650618	-0.000535	-0.759405	
0.300000	0.000000	0.000000	0.000000	0.967088	-0.254441	0.000000	0.254441	0.967088	0.000000	0.000000	0.000000	1.000000	0.000000	0.000000	0.000000	0.419587	-0.871325	0.254441	0.110393	-0.229245	-0.967088	0.900977	0.433866	0.000000	0.077204	0.020312	0.165780	0.784644	0.565326	-0.254441	0.206440	0.148737	0.967088	0.584565	-0.811347	-0.000000	0.268826	0.070728	0.066966	0.784732	0.254170	0.565326	0.206106	-0.967160	0.148737	0.584565	-0.000202	-0.811347	0.268826	0.070728	0.066966	0.707810	0.659093	-0.254170	0.185870	0.173362	0.967160	0.681511	-0.731808	0.000202	0.307054	0.080783	0.024521	0.707810	0.254170	0.659093	0.185870	-0.967160	0.173362	0.681511	-0.000202	-0.731808	
0.310000	0.000000	0.000000	0.000000	0.962119	-0.272629	0.000000	0.272629	0.962119	0.000000	0.000000	0.000000	1.000000	0.000000	0.000000	0.000000	0.429946	-0.860709	0.272629	0.121831	-0.243893	-0.962119	0.894597	0.446874	0.000000	0.079110	0.022417	0.164606	0.766826	0.581077	-0.272629	0.217291	0.164656	0.962119	0.603956	-0.797018	-0.000000	0.271984	0.077070	0.070598	0.766745	0.272858	0.581077	0.217578	-0.962054	0.164656	0.603956	0.000180	-0.797018	0.271984	0.077070	0.070598	0.676038	0.684486	-0.272858	0.191872	0.194003	0.962054	0.711448	-0.702739	-0.000180	0.311685	0.088323	0.029839	0.676038	0.272858	0.684486	0.191872	-0.962054	0.194003	0.711448	0.000180	-0.702739	
0.320000	0.000000	0.000000	0.000000	0.957112	-0.289719	0.000000	0.289719	0.957112	0.000000	0.000000	0.000000	1.000000	0.000000	0.000000	0.000000	0.441331	-0.849288	0.289719	0.133591	-0.257080	-0.957112	0.887345	0.461107	0.000000	0.081205	0.024581	0.163271	0.748838	0.596075	-0.289719	0.226674	0.180432	0.957112	0.622785	-0.782393	-0.000000	0.275166	0.083293	0.074069	0.748555	0.290448	0.596075	0.227607	-0.956890	0.180432	0.622784	0.000607	-0.782393	0.275166	0.083293	0.074069	0.643178	0.708493	-0.290448	0.195696	0.214625	0.956890	0.740287	-0.672290	-0.000607	0.316258	0.095741	0.035076	0.643178	0.290448	0.708493	0.195696	-0.956890	0.214625	0.740287	0.000607	-0.672290	
0.330000	0.000000	0.000000	0.000000	0.952114	-0.305744	0.000000	0.305744	0.952114	0.000000	0.000000	0.000000	1.000000	0.000000	0.000000	0.000000	0.453605	-0.837116	0.305744	0.145662	-0.268816	-0.952114	0.879219	0.476418	0.000000	0.083463	0.026802	0.161776	0.730742	0.610358	-0.305744	0.234657	0.195999	0.952114	0.641056	-0.767494	-0.000000	0.278360	0.089387	0.077376	0.730229	0.306967	0.610358	0.236251	-0.951719	0.195999	0.641055	0.001074	-0.767494	0.278360	0.089387	0.077376	0.609387	0.731039	-0.306967	0.197418	0.235067	0.951719	0.767902	-0.640566	-0.001074	0.320760	0.103021	0.040223	0.609387	0.306967	0.731039	0.197418	-0.951719	0.235067	0.767902	0.001074	-0.640566	
0.340000	0.000000	0.000000	0.000000	0.947166	-0.320744	0.000000	0.320744	0.947166	0.000000	0.000000	0.000000	1.000000	0.000000	0.000000	0.000000	0.466631	-0.824244	0.320744	0.158018	-0.279119	-0.947166	0.870222	0.492661	0.000000	0.085860	0.029075	0.160121	0.712591	0.623969	-0.320744	0.241309	0.211298	0.947166	0.658774	-0.752341	-0.000000	0.281555	0.095345	0.080516	0.711823	0.322446	0.623969	0.243572	-0.946586	0.211298	0.658773	0.001574	-0.752341	0.281555	0.095345	0.080516	0.574825	0.752067	-0.322446	0.197130	0.255174	0.946586	0.794177	-0.607685	-0.001574	0.325175	0.110145	0.045270	0.574825	0.322446	0.752067	0.197130	-0.946586	0.255174	0.794177	0.001574	-0.607685	
0.350000	0.000000	0.000000	0.000000	0.942304	-0.334759	0.000000	0.334759	0.942304	0.000000	0.000000	0.000000	1.000000	0.000000	0.000000	0.000000	0.480272	-0.810725	0.334759	0.170620	-0.288015	-0.942304	0.860365	0.509679	0.000000	0.088370	0.031394	0.158307	0.694434	0.636944	-0.334759	0.246702	0.226278	0.942304	0.675943	-0.736954	-0.000000	0.284738	0.101155	0.083486	0.693389	0.336919	0.636944	0.249634	-0.941531	0.226278	0.675940	0.002104	-0.736954	0.284738	0.101155	0.083486	0.539653	0.771531	-0.336919	0.194940	0.274804	0.941531	0.819007	-0.573779	-0.002104	0.329487	0.117094	0.050207	0.539653	0.336919	0.771531	0.194940	-0.941531	0.274804	0.819007	0.002104	-0.573779	
0.360000	0.000000	0.000000	0.000000	0.937558	-0.347830	0.000000	0.347830	0.937558	0.000000	0.000000	0.000000	1.000000	0.000000	0.000000	0.000000	0.494388	-0.796615	0.347830	0.183416	-0.295540	-0.937558	0.849670	0.527315	0.000000	0.090967	0.033748	0.156339	0.676314	0.649319	-0.347830	0.250909	0.240894	0.937558	0.692564	-0.721357	-0.000000	0.287894	0.106807	0.086287	0.674975	0.350420	0.649319	0.254502	-0.936589	0.240894	0.692559	0.002655	-0.721357	0.287894	0.106807	0.086287	0.504038	0.789400	-0.350420	0.190971	0.293822	0.936589	0.842304	-0.538996	-0.002655	0.333679	0.123849	0.055026	0.504038	0.350420	0.789400	0.190971	-0.936589	0.293822	0.842304	0.002655	-0.538996	
0.370000	0.000000	0.000000	0.000000	0.932954	-0.359995	0.000000	0.359995	0.932954	0.000000	0.000000	0.000000	1.000000	0.000000	0.000000	0.000000	0.508839	-0.781976	0.359995	0.196343	-0.301737	-0.932954	0.838172	0.545406	0.000000	0.093626	0.036127	0.154224	0.658269	0.661124	-0.359995	0.254003	0.255105	0.932954	0.708635	-0.705575	-0.000000	0.291008	0.112290	0.088920	0.656625	0.362984	0.661124	0.258243	-0.931790	0.255105	0.708628	0.003223	-0.705575	0.291008	0.112290	0.088920	0.468149	0.805654	-0.362984	0.185358	0.312106	0.931790	0.863990	-0.503499	-0.003223	0.337736	0.130392	0.059717	0.468149	0.362984	0.805654	0.185358	-0.931790	0.312106	0.863990	0.003223	-0.503499	
0.380000	0.000000	0.000000	0.000000	0.928516	-0.371293	0.000000	0.371293	0.928516	0.000000	0.000000	0.000000	1.000000	0.000000	0.000000	0.000000	0.523484	-0.766881	0.371293	0.209330	-0.306658	-0.928516	0.825921	0.563786	0.000000	0.096321	0.038517	0.151969	0.640341	0.672388	-0.371293	0.256058	0.268873	0.928516	0.724153	-0.689639	-0.000000	0.294064	0.117590	0.091388	0.638384	0.374647	0.672388	0.260926	-0.927160	0.268873	0.724143	0.003799	-0.689639	0.294064	0.117590	0.091388	0.432165	0.820288	-0.374647	0.178252	0.329547	0.927160	0.884002	-0.467468	-0.003799	0.341641	0.136703	0.064275	0.432165	0.374647	0.820288	0.178252	-0.927160	0.329547	0.884002	0.003799	-0.467468	
0.390000	0.000000	0.000000	0.000000	0.924261	-0.381761	0.000000	0.381761	0.924261	0.000000	0.000000	0.000000	1.000000	0.000000	0.000000	0.000000	0.538183	-0.751410	0.381761	0.222294	-0.310366	-0.924261	0.812985	0.582285	0.000000	0.099026	0.040902	0.149589	0.622570	0.683129	-0.381761	0.257149	0.282163	0.924261	0.739108	-0.673586	-0.000000	0.297044	0.122692	0.093694	0.620297	0.385443	0.683129	0.262621	-0.922721	0.282163	0.739096	0.004379	-0.673586	0.297044	0.122692	0.093694	0.396272	0.833308	-0.385443	0.169814	0.346047	0.922721	0.902292	-0.431102	-0.004379	0.345376	0.142763	0.068690	0.396272	0.385443	0.833308	0.169814	-0.922721	0.346047	0.902292	0.004379	-0.431102	
0.400000	0.000000	0.000000	0.000000	0.920206	-0.391434	0.000000	0.391434	0.920206	0.000000	0.000000	0.000000	1.000000	0.000000	0.000000	0.000000	0.552792	-0.735664	0.391434	0.235144	-0.312934	-0.920206	0.799455	0.600726	0.000000	0.101714	0.043267	0.147100	0.605000	0.693365	-0.391434	0.257352	0.294941	0.920206	0.753488	-0.657462	-0.000000	0.299928	0.127582	0.095847	0.602413	0.395404	0.693365	0.263399	-0.918494	0.294941	0.753472	0.004955	-0.657462	0.299928	0.127582	0.095847	0.360668	0.844733	-0.395404	0.160222	0.361521	0.918494	0.918829	-0.394624	-0.004955	0.348923	0.148550	0.072958	0.360668	0.395404	0.844733	0.160222	-0.918494	0.361521	0.918829	0.004955	-0.394624	
0.410000	0.000000	0.000000	0.000000	0.916365	-0.400343	0.000000	0.400343	0.916365	0.000000	0.000000	0.000000	1.000000	0.000000	0.000000	0.000000	0.567161	-0.719760	0.400343	0.247782	-0.314449	-0.916365	0.785450	0.618925	0.000000	0.104358	0.045592	0.144523	0.587684	0.703102	-0.400343	0.256748	0.307172	0.916365	0.767273	-0.641321	-0.000000	0.302697	0.132243	0.097853	0.584788	0.404562	0.703102	0.263336	-0.914494	0.307172	0.767253	0.005522	-0.641321	0.302697	0.132243	0.097853	0.325567	0.854597	-0.404562	0.149664	0.375901	0.914494	0.933599	-0.358278	-0.005522	0.352264	0.154045	0.077073	0.325567	0.404562	0.854597	0.149664	-0.914494	0.375901	0.933599	0.005522	-0.358278	
0.420000	0.000000	0.000000	0.000000	0.912750	-0.408518	0.000000	0.408518	0.912750	0.000000	0.000000	0.000000	1.000000	0.000000	0.000000	0.000000	0.581139	-0.703839	0.408518	0.260100	-0.315016	-0.912750	0.771119	0.636690	0.000000	0.106930	0.047858	0.141886	0.570682	0.712344	-0.408518	0.255419	0.318823	0.912750	0.780437	-0.625234	-0.000000	0.305329	0.136656	0.099725	0.567487	0.412946	0.712344	0.262513	-0.910735	0.318823	0.780414	0.006072	-0.625234	0.305329	0.136656	0.099725	0.291199	0.862948	-0.412946	0.138347	0.389129	0.910735	0.946606	-0.322335	-0.006072	0.355380	0.159225	0.081030	0.291199	0.412946	0.862948	0.138347	-0.910735	0.389129	0.946606	0.006072	-0.322335	
0.430000	0.000000	0.000000	0.000000	0.909371	-0.415986	0.000000	0.415986	0.909371	0.000000	0.000000	0.000000	1.000000	0.000000	0.000000	0.000000	0.594566	-0.688075	0.415986	0.271980	-0.314755	-0.909371	0.756650	0.653821	0.000000	0.109400	0.050044	0.139224	0.554069	0.721085	-0.415986	0.253455	0.329855	0.909371	0.792949	-0.609288	-0.000000	0.307802	0.140802	0.101477	0.550587	0.420583	0.721085	0.261016	-0.907230	0.329855	0.792922	0.006600	-0.609288	0.307802	0.140802	0.101477	0.257815	0.869851	-0.420583	0.126490	0.401166	0.907230	0.957879	-0.287097	-0.006600	0.358253	0.164069	0.084825	0.257815	0.420583	0.869851	0.126490	-0.907230	0.401166	0.957879	0.006600	-0.287097	
0.440000	0.000000	0.000000	0.000000	0.906238	-0.422769	0.000000	0.422769	0.906238	0.000000	0.000000	0.000000	1.000000	0.000000	0.000000	0.000000	0.607270	-0.672674	0.422769	0.283297	-0.313809	-0.906238	0.742271	0.670100	0.000000	0.111738	0.052127	0.136578	0.537934	0.729311	-0.422769	0.250951	0.340231	0.906238	0.804768	-0.593590	-0.000000	0.310090	0.144660	0.103125	0.534182	0.427499	0.729311	0.258939	-0.903988	0.340231	0.804736	0.007102	-0.593590	0.310090	0.144660	0.103125	0.225693	0.875390	-0.427499	0.114332	0.411988	0.903988	0.967466	-0.252901	-0.007102	0.360862	0.168555	0.088457	0.225693	0.427499	0.875390	0.114332	-0.903988	0.411988	0.967466	0.007102	-0.252901	
0.450000	0.000000	0.000000	0.000000	0.903358	-0.428887	0.000000	0.428887	0.903358	0.000000	0.000000	0.000000	1.000000	0.000000	0.000000	0.000000	0.619069	-0.657883	0.428887	0.293915	-0.312343	-0.903358	0.728263	0.685297	0.000000	0.113909	0.054080	0.134000	0.522387	0.736999	-0.428887	0.248014	0.349905	0.903358	0.815844	-0.578273	-0.000000	0.312166	0.148207	0.104691	0.518385	0.433716	0.736999	0.256386	-0.901018	0.349905	0.815808	0.007571	-0.578273	0.312166	0.148207	0.104691	0.195137	0.879666	-0.433716	0.102128	0.421589	0.901018	0.975444	-0.220116	-0.007571	0.363187	0.172659	0.091924	0.195137	0.433716	0.879666	0.102128	-0.901018	0.421589	0.975444	0.007571	-0.220116	
0.460000	0.000000	0.000000	0.000000	0.900741	-0.434357	0.000000	0.434357	0.900741	0.000000	0.000000	0.000000	1.000000	0.000000	0.000000	0.000000	0.629767	-0.643994	0.434357	0.303687	-0.310548	-0.900741	0.714960	0.699165	0.000000	0.115877	0.055878	0.131553	0.507564	0.744119	-0.434357	0.244759	0.358830	0.900741	0.826119	-0.563496	-0.000000	0.314003	0.151419	0.106198	0.503332	0.439254	0.744119	0.253473	-0.898327	0.358830	0.826080	0.008003	-0.563496	0.314003	0.151419	0.106198	0.166481	0.882802	-0.439254	0.090152	0.429977	0.898327	0.981915	-0.189154	-0.008003	0.365206	0.176358	0.095227	0.166481	0.439254	0.882802	0.090152	-0.898327	0.429977	0.981915	0.008003	-0.189154	
0.470000	0.000000	0.000000	0.000000	0.898394	-0.439191	0.000000	0.439191	0.898394	0.000000	0.000000	0.000000	1.000000	0.000000	0.000000	0.000000	0.639148	-0.631348	0.439191	0.312456	-0.308643	-0.898394	0.702753	0.711434	0.000000	0.117603	0.057492	0.129306	0.493624	0.750630	-0.439191	0.241315	0.366955	0.898394	0.835525	-0.549452	-0.000000	0.315570	0.154271	0.107673	0.489186	0.444130	0.750630	0.250330	-0.895923	0.366955	0.835483	0.008396	-0.549452	0.315570	0.154271	0.107673	0.140091	0.884943	-0.444130	0.078696	0.437182	0.895923	0.987006	-0.160462	-0.008396	0.366897	0.179627	0.098366	0.140091	0.444130	0.884943	0.078696	-0.895923	0.437182	0.987006	0.008396	-0.160462	
0.480000	0.000000	0.000000	0.000000	0.896325	-0.443399	0.000000	0.443399	0.896325	0.000000	0.000000	0.000000	1.000000	0.000000	0.000000	0.000000	0.646980	-0.620334	0.443399	0.320052	-0.306870	-0.896325	0.692086	0.721815	0.000000	0.119044	0.058890	0.127344	0.480756	0.756486	-0.443399	0.237823	0.374222	0.896325	0.843987	-0.536364	-0.000000	0.316834	0.156733	0.109147	0.476135	0.448357	0.756486	0.247099	-0.893812	0.374222	0.843941	0.008747	-0.536364	0.316834	0.156733	0.109147	0.116360	0.886248	-0.448357	0.068065	0.443247	0.893812	0.990872	-0.134521	-0.008747	0.368236	0.182441	0.101345	0.116360	0.448357	0.886248	0.068065	-0.893812	0.443247	0.990872	0.008747	-0.134521	
0.490000	0.000000	0.000000	0.000000	0.894542	-0.446983	0.000000	0.446983	0.894542	0.000000	0.000000	0.000000	1.000000	0.000000	0.000000	0.000000	0.653013	-0.611375	0.446983	0.326297	-0.305491	-0.894542	0.683450	0.729997	0.000000	0.120154	0.060039	0.125755	0.469173	0.761632	-0.446983	0.234435	0.380571	0.894542	0.851421	-0.524483	-0.000000	0.317759	0.158777	0.110652	0.464393	0.451947	0.761632	0.243934	-0.891999	0.380571	0.851373	0.009053	-0.524483	0.317759	0.158777	0.110652	0.095701	0.886896	-0.451947	0.058574	0.448227	0.891999	0.993685	-0.111838	-0.009053	0.369199	0.184774	0.104166	0.095701	0.451947	0.886896	0.058574	-0.891999	0.448227	0.993685	0.009053	-0.111838	
0.500000	0.000000	0.000000	0.000000	0.893056	-0.449946	0.000000	0.449946	0.893056	0.000000	0.000000	0.000000	1.000000	0.000000	0.000000	0.000000	0.656982	-0.604917	0.449946	0.331005	-0.304773	-0.893056	0.677356	0.735656	0.000000	0.120885	0.060905	0.124633	0.459101	0.766012	-0.449946	0.231308	0.385938	0.893056	0.857743	-0.514079	-0.000000	0.318310	0.160373	0.112221	0.454188	0.454905	0.766012	0.240993	-0.890491	0.385938	0.857692	0.009316	-0.514079	0.318310	0.160373	0.112221	0.078535	0.887070	-0.454905	0.050535	0.452186	0.890491	0.995630	-0.092923	-0.009316	0.369761	0.186600	0.106832	0.078535	0.454905	0.887070	0.050535	-0.890491	0.452186	0.995630	0.009316	-0.092923	
0.510000	0.000000	0.000000	0.000000	0.891860	-0.452311	0.000000	0.452311	0.891860	0.000000	0.000000	0.000000	1.000000	0.000000	0.000000	0.000000	0.658716	-0.601255	0.452311	0.334071	-0.304929	-0.891860	0.674158	0.738587	0.000000	0.121204	0.061469	0.124045	0.450690	0.769606	-0.452311	0.228569	0.390309	0.891860	0.862922	-0.505337	-0.000000	0.318468	0.161512	0.113880	0.445664	0.457264	0.769606	0.238411	-0.889280	0.390309	0.862870	0.009536	-0.505337	0.318468	0.161512	0.113880	0.065092	0.886946	-0.457264	0.044159	0.455226	0.889280	0.996902	-0.078077	-0.009536	0.369911	0.187915	0.109352	0.065092	0.457264	0.886946	0.044159	-0.889280	0.455226	0.996902	0.009536	-0.078077	
0.520000	0.000000	0.000000	0.000000	0.890935	-0.454131	0.000000	0.454131	0.890935	0.000000	0.000000	0.000000	1.000000	0.000000	0.000000	0.000000	0.658180	-0.600471	0.454131	0.335490	-0.306074	-0.890935	0.673978	0.738751	0.000000	0.121105	0.061730	0.124012	0.443966	0.772437	-0.454131	0.226300	0.393729	0.890935	0.866996	-0.498315	-0.000000	0.318231	0.162210	0.115643	0.438848	0.459078	0.772437	0.236272	-0.888343	0.393729	0.866942	0.009718	-0.498315	0.318231	0.162210	0.115643	0.055357	0.886669	-0.459078	0.039522	0.457477	0.888343	0.997684	-0.067319	-0.009718	0.369658	0.188744	0.111738	0.055357	0.459078	0.886669	0.039522	-0.888343	0.457477	0.997684	0.009718	-0.067319	
0.530000	0.000000	0.000000	0.000000	0.890265	-0.455444	0.000000	0.455444	0.890265	0.000000	0.000000	0.000000	1.000000	0.000000	0.000000	0.000000	0.655350	-0.602567	0.455444	0.335266	-0.308263	-0.890265	0.676840	0.736130	0.000000	0.120584	0.061689	0.124539	0.438928	0.774541	-0.455444	0.224548	0.396241	0.890265	0.870012	-0.493031	-0.000000	0.317604	0.162481	0.117516	0.433734	0.460392	0.774541	0.234630	-0.887661	0.396241	0.869956	0.009867	-0.493031	0.317604	0.162481	0.117516	0.049268	0.886347	-0.460392	0.036648	0.459037	0.887661	0.998113	-0.060606	-0.009867	0.369012	0.189105	0.114001	0.049268	0.460392	0.886347	0.036648	-0.887661	0.459037	0.998113	0.009867	-0.060606	
0.540000	0.000000	0.000000	0.000000	0.889835	-0.456283	0.000000	0.456283	0.889835	0.000000	0.000000	0.000000	1.000000	0.000000	0.000000	0.000000	0.650235	-0.607454	0.456283	0.333423	-0.311485	-0.889835	0.682659	0.730737	0.000000	0.119643	0.061350	0.125609	0.435525	0.775967	-0.456283	0.223325	0.397894	0.889835	0.872034	-0.489444	-0.000000	0.316592	0.162340	0.119498	0.430272	0.461239	0.775967	0.233498	-0.887220	0.397894	0.871977	0.009984	-0.489444	0.316592	0.162340	0.119498	0.046702	0.886046	-0.461239	0.035512	0.459978	0.887220	0.998277	-0.057815	-0.009984	0.367982	0.189018	0.116144	0.046702	0.461239	0.886046	0.035512	-0.887220	0.459978	0.998277	0.009984	-0.057815	
0.550000	0.000000	0.000000	0.000000	0.889634	-0.456675	0.000000	0.456675	0.889634	0.000000	0.000000	0.000000	1.000000	0.000000	0.000000	0.000000	0.642873	-0.614949	0.456675	0.330005	-0.315671	-0.889634	0.691239	0.722627	0.000000	0.118289	0.060721	0.127188	0.433664	0.776778	-0.456675	0.222612	0.398743	0.889634	0.873144	-0.487463	-0.000000	0.315204	0.161804	0.121579	0.428367	0.461647	0.776778	0.232859	-0.887007	0.398743	0.873085	0.010071	-0.487463	0.315204	0.161804	0.121579	0.047471	0.885793	-0.461647	0.036041	0.460348	0.887007	0.998222	-0.058745	-0.010071	0.366580	0.188504	0.118172	0.047471	0.461647	0.885793	0.036041	-0.887007	0.460348	0.998222	0.010071	-0.058745	
0.560000	0.000000	0.000000	0.000000	0.889650	-0.456643	0.000000	0.456643	0.889650	0.000000	0.000000	0.000000	1.000000	0.000000	0.000000	0.000000	0.633330	-0.624796	0.456643	0.325078	-0.320698	-0.889650	0.702294	0.711887	0.000000	0.116533	0.059814	0.129222	0.433212	0.777049	-0.456643	0.222361	0.398847	0.889650	0.873432	-0.486946	-0.000000	0.313455	0.160891	0.123744	0.427886	0.461637	0.777049	0.232664	-0.887011	0.398847	0.873373	0.010130	-0.486946	0.313455	0.160891	0.123744	0.051335	0.885582	-0.461637	0.038114	0.460172	0.887011	0.997954	-0.063130	-0.010130	0.364819	0.187581	0.120083	0.051335	0.461637	0.885582	0.038114	-0.887011	0.460172	0.997954	0.010130	-0.063130	
0.570000	0.000000	0.000000	0.000000	0.889874	-0.456207	0.000000	0.456207	0.889874	0.000000	0.000000	0.000000	1.000000	0.000000	0.000000	0.000000	0.621697	-0.636685	0.456207	0.318722	-0.326406	-0.889874	0.715478	0.698635	0.000000	0.114392	0.058645	0.131648	0.434009	0.776860	-0.456207	0.222501	0.398269	0.889874	0.873000	-0.487719	-0.000000	0.311360	0.159623	0.125974	0.428670	0.461227	0.776860	0.232842	-0.887224	0.398269	0.872941	0.010160	-0.487719	0.311360	0.159623	0.125974	0.058019	0.885383	-0.461227	0.041583	0.459461	0.887224	0.997449	-0.070655	-0.010160	0.362712	0.186272	0.121876	0.058019	0.461227	0.885383	0.041583	-0.887224	0.459461	0.997449	0.010160	-0.070655	
