# time	B0_r_i(1)	B0_r_i(2)	B0_r_i(3)	0_A_i(1,1)	0_A_i(1,2)	0_A_i(1,3)	0_A_i(2,1)	...
0.000000	0.000000	0.000000	0.000000	0.894393	0.447281	0.000000	-0.447281	0.894393	0.000000	0.000000	0.000000	1.000000	0.000000	0.000000	0.000000	0.538951	-0.713772	-0.447281	-0.269526	0.356954	-0.894393	0.798052	0.602589	0.000000	0.099167	-0.049593	0.146842	0.892367	0.060169	0.447281	-0.446268	-0.030090	0.894393	0.067273	-0.997735	-0.000000	0.202874	-0.101456	-0.041785	0.892367	-0.447281	0.060169	-0.446268	-0.894393	-0.030090	0.067273	0.000000	-0.997735	0.202874	-0.101456	-0.041785	0.894267	-0.015035	0.447281	-0.447218	0.007519	0.894393	-0.016810	-0.999859	-0.000000	0.202002	-0.101020	-0.099777	0.894267	-0.447281	-0.015035	-0.447218	-0.894393	0.007519	-0.016810	0.000000	-0.999859	
0.010000	0.000000	0.000000	0.000000	0.896232	0.443585	0.000000	-0.443585	0.896232	0.000000	0.000000	0.000000	1.000000	0.000000	0.000000	0.000000	0.550081	-0.707561	-0.443585	-0.272259	0.350203	-0.896232	0.789484	0.613771	0.000000	0.101215	-0.050096	0.145265	0.893102	0.074845	0.443585	-0.442035	-0.037044	0.896232	0.083511	-0.996507	-0.000000	0.207874	-0.102886	-0.041449	0.893228	-0.443330	0.074845	-0.441779	-0.896359	-0.037044	0.083511	0.000024	-0.996507	0.207874	-0.102886	-0.041449	0.894142	-0.063001	0.443330	-0.442235	0.031133	0.896359	-0.070273	-0.997528	-0.000024	0.204220	-0.101080	-0.099305	0.894142	-0.443330	-0.063001	-0.442235	-0.896359	0.031133	-0.070273	0.000024	-0.997528	
0.020000	0.000000	0.000000	0.000000	0.899650	0.436611	0.000000	-0.436611	0.899650	0.000000	0.000000	0.000000	1.000000	0.000000	0.000000	0.000000	0.560203	-0.703948	-0.436611	-0.271873	0.341635	-0.899650	0.782469	0.622690	0.000000	0.103077	-0.050025	0.143974	0.895245	0.088924	0.436611	-0.434473	-0.043156	0.899650	0.098843	-0.995103	-0.000000	0.212717	-0.103234	-0.040885	0.895489	-0.436110	0.088924	-0.433970	-0.899893	-0.043156	0.098843	0.000055	-0.995103	0.212717	-0.103234	-0.040885	0.893852	-0.104096	0.436110	-0.433190	0.050386	0.899893	-0.115649	-0.993290	-0.000055	0.206679	-0.100312	-0.098496	0.893852	-0.436110	-0.104096	-0.433190	-0.899893	0.050386	-0.115649	0.000055	-0.993290	
0.030000	0.000000	0.000000	0.000000	0.904393	0.426701	0.000000	-0.426701	0.904393	0.000000	0.000000	0.000000	1.000000	0.000000	0.000000	0.000000	0.569400	-0.702644	-0.426701	-0.268649	0.331515	-0.904393	0.776924	0.629594	0.000000	0.104770	-0.049431	0.142954	0.898497	0.103098	0.426701	-0.423920	-0.048643	0.904393	0.113997	-0.993481	-0.000000	0.217522	-0.102629	-0.040027	0.898763	-0.426140	0.103098	-0.423355	-0.904657	-0.048643	0.113997	0.000071	-0.993481	0.217522	-0.102629	-0.040027	0.893723	-0.140227	0.426140	-0.421002	0.065977	0.904657	-0.154973	-0.987919	-0.000071	0.209389	-0.098802	-0.097326	0.893723	-0.426140	-0.140227	-0.421002	-0.904657	0.065977	-0.154973	0.000071	-0.987919	
0.040000	0.000000	0.000000	0.000000	0.910232	0.414099	0.000000	-0.414099	0.910232	0.000000	0.000000	0.000000	1.000000	0.000000	0.000000	0.000000	0.577745	-0.703372	-0.414099	-0.262838	0.319991	-0.910232	0.772740	0.634723	0.000000	0.106305	-0.048362	0.142184	0.902583	0.117756	0.414099	-0.410619	-0.053572	0.910232	0.129369	-0.991597	-0.000000	0.222351	-0.101156	-0.038844	0.902723	-0.413794	0.117756	-0.410311	-0.910371	-0.053572	0.129369	0.000044	-0.991597	0.222351	-0.101156	-0.038844	0.893892	-0.172431	0.413794	-0.406313	0.078329	0.910371	-0.189388	-0.981902	-0.000044	0.212350	-0.096613	-0.095794	0.893892	-0.413794	-0.172431	-0.406313	-0.910371	0.078329	-0.189388	0.000044	-0.981902	
0.050000	0.000000	0.000000	0.000000	0.916949	0.399004	0.000000	-0.399004	0.916949	0.000000	0.000000	0.000000	1.000000	0.000000	0.000000	0.000000	0.585264	-0.705877	-0.399004	-0.254673	0.307157	-0.916949	0.769810	0.638273	0.000000	0.107689	-0.046860	0.141645	0.907231	0.133146	0.399004	-0.394775	-0.057938	0.916949	0.145205	-0.989402	-0.000000	0.227230	-0.098877	-0.037321	0.907071	-0.399367	0.133146	-0.395143	-0.916791	-0.057938	0.145205	-0.000058	-0.989402	0.227230	-0.098877	-0.037321	0.894428	-0.201256	0.399367	-0.389612	0.087732	0.916791	-0.219547	-0.975602	0.000058	0.215557	-0.093789	-0.093906	0.894428	-0.399367	-0.201256	-0.389612	-0.916791	0.087732	-0.219547	-0.000058	-0.975602	
0.060000	0.000000	0.000000	0.000000	0.924329	0.381596	0.000000	-0.381596	0.924329	0.000000	0.000000	0.000000	1.000000	0.000000	0.000000	0.000000	0.591939	-0.709924	-0.381596	-0.244373	0.293082	-0.924329	0.768043	0.640399	0.000000	0.108917	-0.044965	0.141320	0.912169	0.149440	0.381596	-0.376576	-0.061694	0.924329	0.161674	-0.986844	-0.000000	0.232161	-0.095844	-0.035449	0.911532	-0.383115	0.149440	-0.378115	-0.923701	-0.061694	0.161674	-0.000269	-0.986844	0.232161	-0.095844	-0.035449	0.895386	-0.226950	0.383115	-0.371300	0.094413	0.923701	-0.245805	-0.969319	0.000269	0.218997	-0.090368	-0.091670	0.895386	-0.383115	-0.226950	-0.371300	-0.923701	0.094413	-0.245805	-0.000269	-0.969319	
0.070000	0.000000	0.000000	0.000000	0.932157	0.362053	0.000000	-0.362053	0.932157	0.000000	0.000000	0.000000	1.000000	0.000000	0.000000	0.000000	0.597721	-0.715295	-0.362053	-0.232157	0.277823	-0.932157	0.767354	0.641224	0.000000	0.109981	-0.042717	0.141193	0.917119	0.166762	0.362053	-0.356212	-0.064771	0.932157	0.178899	-0.983867	-0.000000	0.237129	-0.092102	-0.033218	0.915846	-0.365261	0.166762	-0.359473	-0.930905	-0.064771	0.178898	-0.000626	-0.983867	0.237129	-0.092102	-0.033218	0.896827	-0.249570	0.365261	-0.351710	0.098572	0.930905	-0.268330	-0.963327	0.000626	0.222654	-0.086385	-0.089091	0.896827	-0.365261	-0.249570	-0.351710	-0.930905	0.098572	-0.268330	-0.000626	-0.963327	
0.080000	0.000000	0.000000	0.000000	0.940224	0.340558	0.000000	-0.340558	0.940224	0.000000	0.000000	0.000000	1.000000	0.000000	0.000000	0.000000	0.602538	-0.721781	-0.340558	-0.218245	0.261436	-0.940224	0.767670	0.640846	0.000000	0.110867	-0.040157	0.141251	0.921804	0.185199	0.340558	-0.333886	-0.067081	0.940224	0.196973	-0.980409	-0.000000	0.242112	-0.087695	-0.030621	0.919770	-0.346011	0.185199	-0.339448	-0.938230	-0.067081	0.196970	-0.001167	-0.980409	0.242112	-0.087695	-0.030621	0.898830	-0.269037	0.346011	-0.331124	0.100410	0.938230	-0.287162	-0.957881	0.001167	0.226508	-0.081871	-0.086178	0.898830	-0.346011	-0.269037	-0.331124	-0.938230	0.100410	-0.287162	-0.001167	-0.957881	
0.090000	0.000000	0.000000	0.000000	0.948326	0.317299	0.000000	-0.317299	0.948326	0.000000	0.000000	0.000000	1.000000	0.000000	0.000000	0.000000	0.606308	-0.729186	-0.317299	-0.202864	0.243977	-0.948326	0.768919	0.639346	0.000000	0.111561	-0.037327	0.141481	0.925946	0.204806	0.317299	-0.309811	-0.068526	0.948326	0.215966	-0.976401	-0.000000	0.247075	-0.082668	-0.027649	0.923077	-0.325551	0.204806	-0.318263	-0.945523	-0.068526	0.215957	-0.001928	-0.976401	0.247075	-0.082668	-0.027649	0.901491	-0.285187	0.325551	-0.309774	0.100135	0.945523	-0.302249	-0.953227	0.001928	0.230534	-0.076861	-0.082936	0.901491	-0.325551	-0.285187	-0.309774	-0.945523	0.100135	-0.302249	-0.001928	-0.953227	
0.100000	0.000000	0.000000	0.000000	0.956273	0.292474	0.000000	-0.292474	0.956273	0.000000	0.000000	0.000000	1.000000	0.000000	0.000000	0.000000	0.608947	-0.737321	-0.292474	-0.186245	0.225508	-0.956273	0.771035	0.636792	0.000000	0.112046	-0.034269	0.141871	0.929279	0.225607	0.292474	-0.284218	-0.069002	0.956273	0.235923	-0.971772	-0.000000	0.251981	-0.077068	-0.024297	0.925556	-0.304051	0.225607	-0.296132	-0.952651	-0.069002	0.235905	-0.002945	-0.971772	0.251981	-0.077068	-0.024297	0.904917	-0.297790	0.304051	-0.287847	0.097979	0.952651	-0.313481	-0.949590	0.002945	0.234709	-0.071385	-0.079373	0.904917	-0.304051	-0.297790	-0.287847	-0.952651	0.097979	-0.313481	-0.002945	-0.949590	
0.110000	0.000000	0.000000	0.000000	0.963893	0.266290	0.000000	-0.266290	0.963893	0.000000	0.000000	0.000000	1.000000	0.000000	0.000000	0.000000	0.610382	-0.746005	-0.266290	-0.168627	0.206095	-0.963893	0.773950	0.633247	0.000000	0.112310	-0.031027	0.142407	0.931551	0.247593	0.266290	-0.257355	-0.068401	0.963893	0.256868	-0.966447	-0.000000	0.256788	-0.070942	-0.020559	0.927018	-0.281665	0.247593	-0.273267	-0.959503	-0.068401	0.256832	-0.004250	-0.966447	0.256788	-0.070942	-0.020559	0.909215	-0.306582	0.281665	-0.265483	0.094193	0.959503	-0.320697	-0.947172	0.004250	0.239007	-0.065478	-0.075495	0.909215	-0.281665	-0.306582	-0.265483	-0.959503	0.094193	-0.320697	-0.004250	-0.947172	
0.120000	0.000000	0.000000	0.000000	0.971031	0.238955	0.000000	-0.238955	0.971031	0.000000	0.000000	0.000000	1.000000	0.000000	0.000000	0.000000	0.610555	-0.755065	-0.238955	-0.150248	0.185810	-0.971031	0.777591	0.628770	0.000000	0.112342	-0.027646	0.143077	0.932530	0.270718	0.238955	-0.229481	-0.066619	0.971031	0.278795	-0.960351	-0.000000	0.261453	-0.064340	-0.016436	0.927293	-0.258534	0.270718	-0.249872	-0.965984	-0.066619	0.278733	-0.005869	-0.960351	0.261453	-0.064340	-0.016436	0.914477	-0.311276	0.258534	-0.242782	0.089058	0.965984	-0.323712	-0.946138	0.005869	0.243399	-0.059174	-0.071312	0.914477	-0.258534	-0.311276	-0.242782	-0.965984	0.089058	-0.323712	-0.005869	-0.946138	
0.130000	0.000000	0.000000	0.000000	0.977554	0.210686	0.000000	-0.210686	0.977554	0.000000	0.000000	0.000000	1.000000	0.000000	0.000000	0.000000	0.609431	-0.764333	-0.210686	-0.131347	0.164732	-0.977554	0.781883	0.623425	0.000000	0.112135	-0.024168	0.143867	0.932012	0.294898	0.210686	-0.200870	-0.063557	0.977554	0.301669	-0.953413	-0.000000	0.265933	-0.057315	-0.011930	0.926236	-0.234781	0.294898	-0.226150	-0.972017	-0.063557	0.301568	-0.007822	-0.953413	0.265933	-0.057315	-0.011930	0.920759	-0.311578	0.234781	-0.219807	0.082876	0.972017	-0.322317	-0.946599	0.007822	0.247861	-0.052508	-0.066833	0.920759	-0.234781	-0.311578	-0.219807	-0.972017	0.082876	-0.322317	-0.007822	-0.946599	
0.140000	0.000000	0.000000	0.000000	0.983355	0.181694	0.000000	-0.181694	0.983355	0.000000	0.000000	0.000000	1.000000	0.000000	0.000000	0.000000	0.607005	-0.773649	-0.181694	-0.112156	0.142947	-0.983355	0.786744	0.617279	0.000000	0.111689	-0.020637	0.144761	0.929829	0.320008	0.181694	-0.171804	-0.059128	0.983355	0.325425	-0.945568	-0.000000	0.270183	-0.049921	-0.007052	0.923730	-0.210519	0.320008	-0.202299	-0.977537	-0.059128	0.325267	-0.010119	-0.945568	0.270183	-0.049921	-0.007052	0.928066	-0.307206	0.210519	-0.196591	0.075979	0.977537	-0.316300	-0.948605	0.010119	0.252365	-0.045515	-0.062071	0.928066	-0.210519	-0.307206	-0.196591	-0.977537	0.075979	-0.316300	-0.010119	-0.948605	
0.150000	0.000000	0.000000	0.000000	0.988351	0.152190	0.000000	-0.152190	0.988351	0.000000	0.000000	0.000000	1.000000	0.000000	0.000000	0.000000	0.603302	-0.782856	-0.152190	-0.092899	0.120548	-0.988351	0.792083	0.610413	0.000000	0.111008	-0.017093	0.145743	0.925853	0.345881	0.152190	-0.142567	-0.053260	0.988351	0.349957	-0.936766	-0.000000	0.274163	-0.042217	-0.001817	0.919688	-0.185848	0.345881	-0.178510	-0.982496	-0.053260	0.349725	-0.012760	-0.936766	0.274163	-0.042217	-0.001817	0.936332	-0.297897	0.185848	-0.173149	0.068716	0.982496	-0.305453	-0.952122	0.012760	0.256885	-0.038231	-0.057040	0.936332	-0.185848	-0.297897	-0.173149	-0.982496	0.068716	-0.305453	-0.012760	-0.952122	
0.160000	0.000000	0.000000	0.000000	0.992483	0.122379	0.000000	-0.122379	0.992483	0.000000	0.000000	0.000000	1.000000	0.000000	0.000000	0.000000	0.598385	-0.791807	-0.122379	-0.073785	0.097635	-0.992483	0.797804	0.602917	0.000000	0.110103	-0.013576	0.146796	0.920005	0.372309	0.122379	-0.113442	-0.045908	0.992483	0.375129	-0.926973	-0.000000	0.277836	-0.034259	0.003748	0.914062	-0.160859	0.372309	-0.154969	-0.986852	-0.045908	0.374799	-0.015734	-0.926973	0.277836	-0.034259	0.003748	0.945407	-0.283426	0.160859	-0.149486	0.061457	0.986852	-0.289585	-0.957023	0.015734	0.261397	-0.030694	-0.051760	0.945407	-0.160859	-0.283426	-0.149486	-0.986852	0.061457	-0.289585	-0.015734	-0.957023	
0.170000	0.000000	0.000000	0.000000	0.995717	0.092454	0.000000	-0.092454	0.995717	0.000000	0.000000	0.000000	1.000000	0.000000	0.000000	0.000000	0.592351	-0.800358	-0.092454	-0.055001	0.074315	-0.995717	0.803801	0.594899	0.000000	0.108993	-0.010120	0.147899	0.912256	0.399050	0.092454	-0.084704	-0.037052	0.995717	0.400767	-0.916180	-0.000000	0.281169	-0.026107	0.009607	0.906842	-0.135635	0.399050	-0.131854	-0.990576	-0.037052	0.400315	-0.019016	-0.916180	0.281169	-0.026107	0.009607	0.955043	-0.263621	0.135635	-0.125614	0.054584	0.990576	-0.268540	-0.963081	0.019016	0.265879	-0.022941	-0.046252	0.955043	-0.135635	-0.263621	-0.125614	-0.990576	0.054584	-0.268540	-0.019016	-0.963081	
0.180000	0.000000	0.000000	0.000000	0.998039	0.062596	0.000000	-0.062596	0.998039	0.000000	0.000000	0.000000	1.000000	0.000000	0.000000	0.000000	0.585329	-0.808376	-0.062596	-0.036711	0.050700	-0.998039	0.809964	0.586479	0.000000	0.107701	-0.006755	0.149033	0.902635	0.425830	0.062596	-0.056612	-0.026708	0.998039	0.426667	-0.904409	-0.000000	0.284135	-0.017821	0.015716	0.898060	-0.110256	0.425830	-0.109327	-0.993647	-0.026708	0.426069	-0.022570	-0.904409	0.284135	-0.017821	0.015716	0.964893	-0.238379	0.110256	-0.101564	0.048483	0.993647	-0.242210	-0.969961	0.022570	0.270309	-0.015009	-0.040542	0.964893	-0.110256	-0.238379	-0.101564	-0.993647	0.048483	-0.242210	-0.022570	-0.969961	
0.190000	0.000000	0.000000	0.000000	0.999456	0.032972	0.000000	-0.032972	0.999456	0.000000	0.000000	0.000000	1.000000	0.000000	0.000000	0.000000	0.577483	-0.815737	-0.032972	-0.019051	0.026911	-0.999456	0.816180	0.577797	0.000000	0.106257	-0.003505	0.150177	0.891229	0.452354	0.032972	-0.029401	-0.014923	0.999456	0.452600	-0.891713	-0.000000	0.286715	-0.009459	0.022019	0.887798	-0.084798	0.452354	-0.087534	-0.996050	-0.014923	0.451833	-0.026348	-0.891713	0.286715	-0.009459	0.022019	0.974514	-0.207680	0.084798	-0.077395	0.043531	0.996050	-0.210551	-0.977228	0.026348	0.274669	-0.006934	-0.034660	0.974514	-0.084798	-0.207680	-0.077395	-0.996050	0.043531	-0.210551	-0.026348	-0.977228	
0.200000	0.000000	0.000000	0.000000	0.999993	0.003731	0.000000	-0.003731	0.999993	0.000000	0.000000	0.000000	1.000000	0.000000	0.000000	0.000000	0.569000	-0.822329	-0.003731	-0.002123	0.003068	-0.999993	0.822335	0.569004	0.000000	0.104696	-0.000391	0.151310	0.878177	0.478321	0.003731	-0.003277	-0.001785	0.999993	0.478324	-0.878183	-0.000000	0.288899	-0.001078	0.028453	0.876178	-0.059337	0.478321	-0.066598	-0.997778	-0.001785	0.477364	-0.030291	-0.878183	0.288899	-0.001078	0.028453	0.983378	-0.171604	0.059337	-0.053210	0.040089	0.997778	-0.173601	-0.984350	0.030291	0.278946	0.001247	-0.028639	0.983378	-0.059337	-0.171604	-0.053210	-0.997778	0.040089	-0.173601	-0.030291	-0.984350	
0.210000	0.000000	0.000000	0.000000	0.999688	-0.024994	0.000000	0.024994	0.999688	0.000000	0.000000	0.000000	1.000000	0.000000	0.000000	0.000000	0.560090	-0.828055	0.024994	0.014003	-0.020703	-0.999688	0.828314	0.560265	0.000000	0.103057	0.002577	0.152410	0.863674	0.503431	-0.024994	0.021593	0.012586	0.999688	0.503588	-0.863944	-0.000000	0.290687	0.007268	0.034946	0.863368	-0.033947	0.503431	-0.046613	-0.998834	0.012586	0.502416	-0.034333	-0.863944	0.290687	0.007268	0.034946	0.990889	-0.130336	0.033947	-0.029157	0.038484	0.998834	-0.131490	-0.990723	0.034333	0.283128	0.009500	-0.022516	0.990889	-0.033947	-0.130336	-0.029157	-0.998834	0.038484	-0.131490	-0.034333	-0.990723	
0.220000	0.000000	0.000000	0.000000	0.998590	-0.053088	0.000000	0.053088	0.998590	0.000000	0.000000	0.000000	1.000000	0.000000	0.000000	0.000000	0.550973	-0.832833	0.053088	0.029291	-0.044276	-0.998590	0.834009	0.551751	0.000000	0.101379	0.005390	0.153458	0.847956	0.527402	-0.053088	0.045080	0.028038	0.998590	0.528146	-0.849153	-0.000000	0.292089	0.015528	0.041423	0.849571	-0.008705	0.527402	-0.027644	-0.999225	0.028038	0.526749	-0.038400	-0.849153	0.292089	0.015528	0.041423	0.996413	-0.084175	0.008705	-0.005435	0.038997	0.999225	-0.084449	-0.995688	0.038400	0.287207	0.017790	-0.016327	0.996413	-0.008705	-0.084175	-0.005435	-0.999225	0.038997	-0.084449	-0.038400	-0.995688	
0.230000	0.000000	0.000000	0.000000	0.996758	-0.080455	0.000000	0.080455	0.996758	0.000000	0.000000	0.000000	1.000000	0.000000	0.000000	0.000000	0.541877	-0.836598	0.080455	0.043739	-0.067528	-0.996758	0.839319	0.543640	0.000000	0.099705	0.008048	0.154435	0.831293	0.549980	-0.080455	0.067099	0.044393	0.996758	0.551769	-0.833997	-0.000000	0.293125	0.023660	0.047803	0.835018	0.016312	0.549980	-0.009724	-0.998967	0.044393	0.550136	-0.042417	-0.833997	0.293125	0.023660	0.047803	0.999305	-0.033530	-0.016312	0.017711	0.041852	0.998967	-0.032813	-0.998561	0.042417	0.291180	0.026088	-0.010113	0.999305	0.016312	-0.033530	0.017711	-0.998967	0.041852	-0.032813	-0.042417	-0.998561	
0.240000	0.000000	0.000000	0.000000	0.994257	-0.107016	0.000000	0.107016	0.994257	0.000000	0.000000	0.000000	1.000000	0.000000	0.000000	0.000000	0.533027	-0.839303	0.107016	0.057372	-0.090337	-0.994257	0.844151	0.536106	0.000000	0.098077	0.010556	0.155324	0.813979	0.570952	-0.107016	0.087612	0.061454	0.994257	0.574250	-0.818680	-0.000000	0.293823	0.031625	0.054010	0.819958	0.041028	0.570952	0.007149	-0.998084	0.061454	0.572379	-0.046308	-0.818680	0.293823	0.031625	0.054010	0.998935	0.021086	-0.041028	0.039997	0.047201	0.998084	0.022982	-0.998663	0.046308	0.295046	0.034363	-0.003912	0.998935	0.041028	0.021086	0.039997	-0.998084	0.047201	0.022982	-0.046308	-0.998663	
0.250000	0.000000	0.000000	0.000000	0.991156	-0.132705	0.000000	0.132705	0.991156	0.000000	0.000000	0.000000	1.000000	0.000000	0.000000	0.000000	0.524640	-0.840917	0.132705	0.070244	-0.112590	-0.991156	0.848421	0.529322	0.000000	0.096534	0.012925	0.156109	0.796314	0.590148	-0.132705	0.106618	0.079014	0.991156	0.595414	-0.803419	-0.000000	0.294223	0.039393	0.059967	0.804645	0.065365	0.590148	0.023008	-0.996608	0.079014	0.593311	-0.050000	-0.803419	0.294223	0.039393	0.059967	0.994724	0.079070	-0.065365	0.061108	0.055123	0.996608	0.082405	-0.995344	0.050000	0.298809	0.042590	0.002237	0.994724	0.065365	0.079070	0.061108	-0.996608	0.055123	0.082405	-0.050000	-0.995344	
0.260000	0.000000	0.000000	0.000000	0.987523	-0.157472	0.000000	0.157472	0.987523	0.000000	0.000000	0.000000	1.000000	0.000000	0.000000	0.000000	0.516919	-0.841426	0.157472	0.082429	-0.134175	-0.987523	0.852056	0.523450	0.000000	0.095113	0.015167	0.156778	0.778595	0.607447	-0.157472	0.124156	0.096865	0.987523	0.615122	-0.788432	-0.000000	0.294368	0.046940	0.065603	0.789330	0.089251	0.607447	0.037914	-0.994575	0.096865	0.612797	-0.053427	-0.788432	0.294368	0.046940	0.065603	0.986156	0.139750	-0.089251	0.080714	0.065616	0.994575	0.144848	-0.988010	0.053427	0.302474	0.050746	0.008299	0.986156	0.089251	0.139750	0.080714	-0.994575	0.065616	0.144848	-0.053427	-0.988010	
0.270000	0.000000	0.000000	0.000000	0.983432	-0.181279	0.000000	0.181279	0.983432	0.000000	0.000000	0.000000	1.000000	0.000000	0.000000	0.000000	0.510049	-0.840826	0.181279	0.094019	-0.154992	-0.983432	0.854991	0.518642	0.000000	0.093849	0.017299	0.157318	0.761106	0.622780	-0.181279	0.140297	0.114799	0.983432	0.633272	-0.773929	-0.000000	0.294308	0.054251	0.070855	0.774250	0.112613	0.622780	0.051949	-0.992029	0.114799	0.630744	-0.056531	-0.773929	0.294308	0.054251	0.070855	0.972806	0.202401	-0.112613	0.098485	0.078602	0.992029	0.209639	-0.976143	0.056531	0.306047	0.058810	0.014239	0.972806	0.112613	0.202401	0.098485	-0.992029	0.078602	0.209639	-0.056531	-0.976143	
0.280000	0.000000	0.000000	0.000000	0.978951	-0.204098	0.000000	0.204098	0.978951	0.000000	0.000000	0.000000	1.000000	0.000000	0.000000	0.000000	0.504195	-0.839126	0.204098	0.105118	-0.174946	-0.978951	0.857169	0.515036	0.000000	0.092772	0.019342	0.157719	0.744104	0.636124	-0.204098	0.155135	0.132623	0.978951	0.649802	-0.760104	-0.000000	0.294095	0.061315	0.075668	0.759616	0.135388	0.636124	0.065213	-0.989019	0.132623	0.647094	-0.059259	-0.760104	0.294095	0.061315	0.075668	0.954343	0.266269	-0.135388	0.114100	0.093929	0.989019	0.276062	-0.959311	0.059259	0.309538	0.066763	0.020028	0.954343	0.135388	0.266269	0.114100	-0.989019	0.093929	0.276062	-0.059259	-0.959311	
0.290000	0.000000	0.000000	0.000000	0.974149	-0.225908	0.000000	0.225908	0.974149	0.000000	0.000000	0.000000	1.000000	0.000000	0.000000	0.000000	0.499499	-0.836341	0.225908	0.115835	-0.193950	-0.974149	0.858535	0.512754	0.000000	0.091908	0.021314	0.157971	0.727814	0.647497	-0.225908	0.168782	0.150156	0.974149	0.664680	-0.747129	-0.000000	0.293782	0.068129	0.079995	0.745612	0.157515	0.647497	0.077815	-0.985595	0.150156	0.661821	-0.061573	-0.747129	0.293782	0.068129	0.079995	0.930537	0.330590	-0.157515	0.127264	0.111382	0.985595	0.343372	-0.937179	0.061573	0.312956	0.074589	0.025639	0.930537	0.157515	0.330590	0.127264	-0.985595	0.111382	0.343372	-0.061573	-0.937179	
0.300000	0.000000	0.000000	0.000000	0.969093	-0.246697	0.000000	0.246697	0.969093	0.000000	0.000000	0.000000	1.000000	0.000000	0.000000	0.000000	0.496084	-0.832491	0.246697	0.126286	-0.211923	-0.969093	0.859042	0.511905	0.000000	0.091279	0.023237	0.158064	0.712425	0.656956	-0.246697	0.181358	0.167238	0.969093	0.677909	-0.735146	-0.000000	0.293423	0.074695	0.083800	0.732385	0.178942	0.656956	0.089869	-0.981812	0.167238	0.674934	-0.063442	-0.735146	0.293423	0.074695	0.083800	0.901258	0.394606	-0.178942	0.137714	0.130690	0.981812	0.410815	-0.909509	0.063442	0.316310	0.082275	0.031048	0.901258	0.178942	0.394606	0.137714	-0.981812	0.130690	0.410815	-0.063442	-0.909509	
0.310000	0.000000	0.000000	0.000000	0.963847	-0.266458	0.000000	0.266458	0.963847	0.000000	0.000000	0.000000	1.000000	0.000000	0.000000	0.000000	0.494051	-0.827595	0.266458	0.136582	-0.228790	-0.963847	0.858638	0.512583	0.000000	0.090905	0.025131	0.157989	0.698082	0.664591	-0.266458	0.192986	0.183728	0.963847	0.689520	-0.724267	-0.000000	0.293068	0.081019	0.087054	0.720047	0.199625	0.664591	0.101486	-0.977724	0.183728	0.686464	-0.064846	-0.724267	0.293068	0.081019	0.087054	0.866470	0.457580	-0.199625	0.145232	0.151536	0.977724	0.477637	-0.876161	0.064846	0.319607	0.089808	0.036236	0.866470	0.199625	0.457580	0.145232	-0.977724	0.151536	0.477637	-0.064846	-0.876161	
0.320000	0.000000	0.000000	0.000000	0.958472	-0.285186	0.000000	0.285186	0.958472	0.000000	0.000000	0.000000	1.000000	0.000000	0.000000	0.000000	0.493486	-0.821669	0.285186	0.146833	-0.244481	-0.958472	0.857270	0.514867	0.000000	0.090801	0.027017	0.157738	0.684893	0.670515	-0.285186	0.203785	0.199507	0.958472	0.699567	-0.714567	-0.000000	0.292766	0.087110	0.089738	0.708672	0.219529	0.670515	0.112766	-0.973386	0.199507	0.696468	-0.065773	-0.714567	0.292766	0.087110	0.089738	0.826228	0.518802	-0.219529	0.149642	0.173569	0.973386	0.543098	-0.837089	0.065773	0.322857	0.097177	0.041187	0.826228	0.219529	0.518802	0.149642	-0.973386	0.173569	0.543098	-0.065773	-0.837089	
0.330000	0.000000	0.000000	0.000000	0.953028	-0.302882	0.000000	0.302882	0.953028	0.000000	0.000000	0.000000	1.000000	0.000000	0.000000	0.000000	0.494456	-0.814724	0.302882	0.157143	-0.258927	-0.953028	0.854880	0.518827	0.000000	0.090980	0.028914	0.157298	0.672918	0.674866	-0.302882	0.213860	0.214479	0.953028	0.708128	-0.706084	-0.000000	0.292564	0.092980	0.091842	0.698294	0.238625	0.674866	0.123799	-0.968851	0.214479	0.705024	-0.066222	-0.706084	0.292564	0.092980	0.091842	0.780667	0.577596	-0.238625	0.150823	0.196417	0.968851	0.606475	-0.792340	0.066222	0.326065	0.104372	0.045887	0.780667	0.238625	0.577596	0.150823	-0.968851	0.196417	0.606475	-0.066222	-0.792340	
0.340000	0.000000	0.000000	0.000000	0.947570	-0.319547	0.000000	0.319547	0.947570	0.000000	0.000000	0.000000	1.000000	0.000000	0.000000	0.000000	0.497017	-0.806761	0.319547	0.167608	-0.272062	-0.947570	0.851400	0.524517	0.000000	0.091451	0.030840	0.156658	0.662178	0.677798	-0.319547	0.223305	0.228572	0.947570	0.715301	-0.698817	-0.000000	0.292504	0.098640	0.093366	0.688909	0.256893	0.677798	0.134652	-0.964170	0.228572	0.712231	-0.066199	-0.698817	0.292504	0.098640	0.093366	0.730006	0.633322	-0.256893	0.148703	0.219690	0.964170	0.667067	-0.742051	0.066199	0.329237	0.111382	0.050327	0.730006	0.256893	0.633322	0.148703	-0.964170	0.219690	0.667067	-0.066199	-0.742051	
0.350000	0.000000	0.000000	0.000000	0.942153	-0.335184	0.000000	0.335184	0.942153	0.000000	0.000000	0.000000	1.000000	0.000000	0.000000	0.000000	0.501211	-0.797771	0.335184	0.178313	-0.283818	-0.942153	0.846754	0.531985	0.000000	0.092223	0.032810	0.155803	0.652646	0.679488	-0.335184	0.232188	0.241738	0.942153	0.721209	-0.692718	-0.000000	0.292625	0.104106	0.094314	0.680473	0.274320	0.679488	0.145373	-0.959390	0.241738	0.718208	-0.065717	-0.692718	0.292625	0.104106	0.094314	0.674546	0.685372	-0.274320	0.143268	0.242991	0.959390	0.724197	-0.686455	0.065717	0.332377	0.118199	0.054500	0.674546	0.274320	0.685372	0.143268	-0.959390	0.242991	0.724197	-0.065717	-0.686455	
0.360000	0.000000	0.000000	0.000000	0.936825	-0.349797	0.000000	0.349797	0.936825	0.000000	0.000000	0.000000	1.000000	0.000000	0.000000	0.000000	0.507071	-0.787732	0.349797	0.189333	-0.294128	-0.936825	0.840852	0.541265	0.000000	0.093301	0.034837	0.154717	0.644250	0.680135	-0.349797	0.240554	0.253953	0.936825	0.726000	-0.687695	-0.000000	0.292965	0.109389	0.094707	0.672899	0.290900	0.680135	0.155979	-0.954557	0.253953	0.723103	-0.064797	-0.687695	0.292965	0.109389	0.094707	0.614685	0.733171	-0.290900	0.134566	0.265921	0.954557	0.777210	-0.625896	0.064797	0.335489	0.124812	0.058405	0.614685	0.290900	0.733171	0.134566	-0.954557	0.265921	0.777210	-0.064797	-0.625896	
0.370000	0.000000	0.000000	0.000000	0.931637	-0.363391	0.000000	0.363391	0.931637	0.000000	0.000000	0.000000	1.000000	0.000000	0.000000	0.000000	0.514612	-0.776609	0.363391	0.200728	-0.302921	-0.931637	0.833596	0.552374	0.000000	0.094689	0.036934	0.153382	0.636863	0.679965	-0.363391	0.248412	0.265225	0.931637	0.729861	-0.683596	-0.000000	0.293559	0.114504	0.094573	0.666051	0.306632	0.679965	0.166456	-0.949710	0.265225	0.727096	-0.063469	-0.683596	0.293559	0.114504	0.094573	0.550937	0.776174	-0.306632	0.122714	0.288085	0.949710	0.825476	-0.560858	0.063469	0.338577	0.131213	0.062043	0.550937	0.306632	0.776174	0.122714	-0.949710	0.288085	0.825476	-0.063469	-0.560858	
0.380000	0.000000	0.000000	0.000000	0.926632	-0.375968	0.000000	0.375968	0.926632	0.000000	0.000000	0.000000	1.000000	0.000000	0.000000	0.000000	0.523831	-0.764362	0.375968	0.212537	-0.310129	-0.926632	0.824881	0.565306	0.000000	0.096385	0.039107	0.151778	0.630298	0.679243	-0.375968	0.255735	0.275594	0.926632	0.733024	-0.680203	-0.000000	0.294437	0.119464	0.093960	0.659737	0.321521	0.679243	0.176746	-0.944886	0.275594	0.730417	-0.061766	-0.680203	0.294437	0.119464	0.093960	0.483981	0.813871	-0.321521	0.107921	0.309102	0.944886	0.868398	-0.492006	0.061766	0.341642	0.137392	0.065423	0.483981	0.321521	0.813871	0.107921	-0.944886	0.309102	0.868398	-0.061766	-0.492006	
0.390000	0.000000	0.000000	0.000000	0.921855	-0.387535	0.000000	0.387535	0.921855	0.000000	0.000000	0.000000	1.000000	0.000000	0.000000	0.000000	0.534685	-0.750952	0.387535	0.224774	-0.315689	-0.921855	0.814609	0.580010	0.000000	0.098382	0.041358	0.149888	0.624294	0.678287	-0.387535	0.262444	0.285142	0.921855	0.735785	-0.677215	-0.000000	0.295629	0.124278	0.092940	0.653693	0.335577	0.678287	0.186744	-0.940117	0.285142	0.733357	-0.059730	-0.677215	0.295629	0.124278	0.092940	0.414724	0.845809	-0.335577	0.090510	0.328614	0.940117	0.905435	-0.420262	0.059730	0.344686	0.143338	0.068565	0.414724	0.335577	0.845809	0.090510	-0.940117	0.328614	0.905435	-0.059730	-0.420262	
0.400000	0.000000	0.000000	0.000000	0.917344	-0.398095	0.000000	0.398095	0.917344	0.000000	0.000000	0.000000	1.000000	0.000000	0.000000	0.000000	0.547073	-0.736364	0.398095	0.237410	-0.319555	-0.917344	0.802712	0.596366	0.000000	0.100662	0.043683	0.147699	0.618501	0.677478	-0.398095	0.268407	0.294001	0.917344	0.738521	-0.674230	-0.000000	0.297153	0.128954	0.091618	0.647576	0.348810	0.677478	0.196284	-0.935433	0.294001	0.736286	-0.057410	-0.674230	0.297153	0.128954	0.091618	0.344383	0.871626	-0.348810	0.070962	0.346307	0.935433	0.936143	-0.346900	0.057410	0.347707	0.149040	0.071497	0.344383	0.348810	0.871626	0.070962	-0.935433	0.346307	0.936143	-0.057410	-0.346900	
0.410000	0.000000	0.000000	0.000000	0.913136	-0.407656	0.000000	0.407656	0.913136	0.000000	0.000000	0.000000	1.000000	0.000000	0.000000	0.000000	0.560794	-0.720644	0.407656	0.250358	-0.321720	-0.913136	0.789197	0.614141	0.000000	0.103186	0.046066	0.145212	0.612476	0.677266	-0.407656	0.273431	0.302355	0.913136	0.741693	-0.670740	-0.000000	0.299015	0.133491	0.090142	0.640952	0.361235	0.677266	0.205138	-0.930860	0.302355	0.739661	-0.054862	-0.670740	0.299015	0.133491	0.090142	0.274586	0.891130	-0.361235	0.049962	0.361945	0.930860	0.960264	-0.273649	0.054862	0.350701	0.154484	0.074270	0.274586	0.361235	0.891130	0.049962	-0.930860	0.361945	0.960264	-0.054862	-0.273649	
0.420000	0.000000	0.000000	0.000000	0.909259	-0.416232	0.000000	0.416232	0.909259	0.000000	0.000000	0.000000	1.000000	0.000000	0.000000	0.000000	0.575500	-0.703954	0.416232	0.263447	-0.322249	-0.909259	0.774207	0.632933	0.000000	0.105892	0.048474	0.142454	0.605699	0.678145	-0.416232	0.277271	0.310435	0.909259	0.745822	-0.666145	-0.000000	0.301195	0.137878	0.088709	0.633319	0.372863	0.678145	0.213017	-0.926420	0.310435	0.743997	-0.052147	-0.666145	0.301195	0.137878	0.088709	0.207403	0.904410	-0.372863	0.028433	0.375417	0.926420	0.977842	-0.202744	0.052147	0.353651	0.159652	0.076950	0.207403	0.372863	0.904410	0.028433	-0.926420	0.375417	0.977842	-0.052147	-0.202744	
0.430000	0.000000	0.000000	0.000000	0.905733	-0.423848	0.000000	0.423848	0.905733	0.000000	0.000000	0.000000	1.000000	0.000000	0.000000	0.000000	0.590670	-0.686631	0.423848	0.276411	-0.321317	-0.905733	0.758094	0.652145	0.000000	0.108683	0.050860	0.139489	0.597639	0.680573	-0.423848	0.279672	0.318482	0.905733	0.751406	-0.659840	-0.000000	0.303632	0.142088	0.087555	0.624175	0.383699	0.680573	0.219608	-0.922140	0.318482	0.749785	-0.049329	-0.659840	0.303632	0.142088	0.087555	0.145231	0.911966	-0.383699	0.007505	0.386785	0.922140	0.989369	-0.136803	0.049329	0.356527	0.164522	0.079621	0.145231	0.383699	0.911966	0.007505	-0.922140	0.386785	0.989369	-0.049329	-0.136803	
0.440000	0.000000	0.000000	0.000000	0.902567	-0.430550	0.000000	0.430550	0.902567	0.000000	0.000000	0.000000	1.000000	0.000000	0.000000	0.000000	0.605632	-0.669206	0.430550	0.288903	-0.319230	-0.902567	0.741448	0.671010	0.000000	0.111436	0.053158	0.136426	0.587901	0.684836	-0.430550	0.280445	0.326686	0.902567	0.758764	-0.651365	-0.000000	0.306218	0.146074	0.086912	0.613164	0.393739	0.684836	0.224646	-0.918047	0.326686	0.757340	-0.046467	-0.651365	0.306218	0.146074	0.086912	0.090378	0.914769	-0.393739	-0.011642	0.396300	0.918047	0.995840	-0.078387	0.046467	0.359274	0.169060	0.082365	0.090378	0.393739	0.914769	-0.011642	-0.918047	0.396300	0.995840	-0.046467	-0.078387	
0.450000	0.000000	0.000000	0.000000	0.899753	-0.436400	0.000000	0.436400	0.899753	0.000000	0.000000	0.000000	1.000000	0.000000	0.000000	0.000000	0.619678	-0.652346	0.436400	0.300557	-0.316402	-0.899753	0.725028	0.688720	0.000000	0.114021	0.055303	0.133405	0.576388	0.690892	-0.436400	0.279561	0.335098	0.899753	0.767869	-0.640607	-0.000000	0.308803	0.149777	0.086936	0.600242	0.402961	0.690892	0.228011	-0.914178	0.335098	0.766629	-0.043609	-0.640607	0.308803	0.149777	0.086936	0.044424	0.914138	-0.402961	-0.028056	0.404342	0.914178	0.998619	-0.029306	0.043609	0.361823	0.173228	0.085237	0.044424	0.402961	0.914138	-0.028056	-0.914178	0.404342	0.998619	-0.043609	-0.029306	
0.460000	0.000000	0.000000	0.000000	0.897273	-0.441475	0.000000	0.441475	0.897273	0.000000	0.000000	0.000000	1.000000	0.000000	0.000000	0.000000	0.632220	-0.636708	0.441475	0.311064	-0.313272	-0.897273	0.709603	0.704601	0.000000	0.116329	0.057236	0.130567	0.563398	0.698343	-0.441475	0.277202	0.343598	0.897273	0.778294	-0.627900	-0.000000	0.311234	0.153133	0.087663	0.585762	0.411339	0.698343	0.229792	-0.910569	0.343598	0.777225	-0.040793	-0.627900	0.311234	0.153133	0.087663	0.007732	0.911450	-0.411339	-0.041267	0.411292	0.910569	0.999118	0.009935	0.040793	0.364098	0.176988	0.088239	0.007732	0.411339	0.911450	-0.041267	-0.910569	0.411292	0.999118	-0.040793	0.009935	
0.470000	0.000000	0.000000	0.000000	0.895108	-0.445849	0.000000	0.445849	0.895108	0.000000	0.000000	0.000000	1.000000	0.000000	0.000000	0.000000	0.642879	-0.622836	0.445849	0.320215	-0.310232	-0.895108	0.695822	0.718214	0.000000	0.118290	0.058920	0.128031	0.549537	0.706561	-0.445849	0.273721	0.351934	0.895108	0.789358	-0.613933	-0.000000	0.313378	0.156092	0.089004	0.570386	0.418845	0.706561	0.230262	-0.907260	0.351934	0.788441	-0.038044	-0.613933	0.313378	0.156092	0.089004	-0.020471	0.907827	-0.418845	-0.051320	0.417426	0.907260	0.998472	0.040067	0.038044	0.366032	0.180303	0.091328	-0.020471	0.418845	0.907827	-0.051320	-0.907260	0.417426	0.998472	-0.038044	0.040067	
0.480000	0.000000	0.000000	0.000000	0.893242	-0.449577	0.000000	0.449577	0.893242	0.000000	0.000000	0.000000	1.000000	0.000000	0.000000	0.000000	0.651442	-0.611150	0.449577	0.327877	-0.307597	-0.893242	0.684193	0.729301	0.000000	0.119865	0.060329	0.125892	0.535541	0.714896	-0.449577	0.269543	0.359814	0.893242	0.800339	-0.599548	-0.000000	0.315146	0.158616	0.090815	0.554895	0.425458	0.714896	0.229785	-0.904286	0.359814	0.799556	-0.035387	-0.599548	0.315146	0.158616	0.090815	-0.041501	0.904026	-0.425458	-0.058557	0.422892	0.904286	0.997421	0.062442	0.035387	0.367579	0.183143	0.094437	-0.041501	0.425458	0.904026	-0.058557	-0.904286	0.422892	0.997421	-0.035387	0.062442	
0.490000	0.000000	0.000000	0.000000	0.891665	-0.452695	0.000000	0.452695	0.891665	0.000000	0.000000	0.000000	1.000000	0.000000	0.000000	0.000000	0.657762	-0.602010	0.452695	0.333943	-0.305638	-0.891665	0.675153	0.737678	0.000000	0.121028	0.061446	0.124228	0.522115	0.722816	-0.452695	0.265076	0.366971	0.891665	0.810636	-0.585550	-0.000000	0.316478	0.160675	0.092956	0.540027	0.431170	0.722816	0.228733	-0.901673	0.366971	0.809971	-0.032843	-0.585550	0.316478	0.160675	0.092956	-0.056605	0.900493	-0.431170	-0.063360	0.427752	0.901673	0.996384	0.078359	0.032843	0.368707	0.185484	0.097501	-0.056605	0.431170	0.900493	-0.063360	-0.901673	0.427752	0.996384	-0.032843	0.078359	
0.500000	0.000000	0.000000	0.000000	0.890379	-0.455220	0.000000	0.455220	0.890379	0.000000	0.000000	0.000000	1.000000	0.000000	0.000000	0.000000	0.661684	-0.595776	0.455220	0.338296	-0.304600	-0.890379	0.669126	0.743149	0.000000	0.121750	0.062247	0.123119	0.509844	0.729954	-0.455220	0.260666	0.373201	0.890379	0.819824	-0.572615	-0.000000	0.317335	0.162242	0.095329	0.526392	0.435980	0.729954	0.227433	-0.899442	0.373201	0.819259	-0.030434	-0.572615	0.317335	0.162242	0.095329	-0.066615	0.897488	-0.435980	-0.065977	0.432032	0.899442	0.995595	0.088681	0.030434	0.369389	0.187300	0.100472	-0.066615	0.435980	0.897488	-0.065977	-0.899442	0.432032	0.995595	-0.030434	0.088681	
0.510000	0.000000	0.000000	0.000000	0.889372	-0.457184	0.000000	0.457184	0.889372	0.000000	0.000000	0.000000	1.000000	0.000000	0.000000	0.000000	0.663124	-0.592663	0.457184	0.340881	-0.304660	-0.889372	0.666383	0.745609	0.000000	0.122015	0.062722	0.122615	0.499091	0.736133	-0.457184	0.256559	0.378411	0.889372	0.827699	-0.561172	-0.000000	0.317703	0.163316	0.097878	0.514364	0.439930	0.736133	0.226136	-0.897590	0.378411	0.827220	-0.028175	-0.561172	0.317703	0.163316	0.097878	-0.072079	0.895135	-0.439930	-0.066566	0.435776	0.897590	0.995175	0.093982	0.028175	0.369621	0.188591	0.103329	-0.072079	0.439930	0.895135	-0.066566	-0.897590	0.435776	0.995175	-0.028175	0.093982	
0.520000	0.000000	0.000000	0.000000	0.888624	-0.458636	0.000000	0.458636	0.888624	0.000000	0.000000	0.000000	1.000000	0.000000	0.000000	0.000000	0.662100	-0.592686	0.458636	0.341722	-0.305897	-0.888624	0.666970	0.745084	0.000000	0.121826	0.062877	0.122723	0.489952	0.741350	-0.458636	0.252873	0.382625	0.888624	0.834268	-0.551360	-0.000000	0.317596	0.163917	0.100586	0.504043	0.443103	0.741350	0.224983	-0.896092	0.382625	0.833860	-0.026068	-0.551360	0.317596	0.163917	0.100586	-0.073315	0.893468	-0.443103	-0.065204	0.439054	0.896092	0.995175	0.094589	0.026068	0.369417	0.189383	0.106072	-0.073315	0.443103	0.893468	-0.065204	-0.896092	0.439054	0.995175	-0.026068	0.094589	
0.530000	0.000000	0.000000	0.000000	0.888121	-0.459611	0.000000	0.459611	0.888121	0.000000	0.000000	0.000000	1.000000	0.000000	0.000000	0.000000	0.658607	-0.595814	0.459611	0.340835	-0.308339	-0.888121	0.670871	0.741574	0.000000	0.121184	0.062714	0.123440	0.482348	0.745720	-0.459611	0.249619	0.385917	0.888121	0.839661	-0.543111	-0.000000	0.317027	0.164064	0.103476	0.495347	0.445570	0.745720	0.224013	-0.894923	0.385917	0.839315	-0.024112	-0.543111	0.317027	0.164064	0.103476	-0.070212	0.892490	-0.445570	-0.061783	0.441924	0.894923	0.995617	0.090362	0.024112	0.368791	0.189696	0.108717	-0.070212	0.445570	0.892490	-0.061783	-0.894923	0.441924	0.995617	-0.024112	0.090362	
0.540000	0.000000	0.000000	0.000000	0.887850	-0.460133	0.000000	0.460133	0.887850	0.000000	0.000000	0.000000	1.000000	0.000000	0.000000	0.000000	0.652653	-0.601932	0.460133	0.338241	-0.311954	-0.887850	0.677966	0.735093	0.000000	0.120088	0.062236	0.124746	0.476036	0.749445	-0.460133	0.246708	0.388404	0.887850	0.844112	-0.536167	-0.000000	0.316011	0.163774	0.106601	0.488028	0.447394	0.749445	0.223162	-0.894059	0.388404	0.843817	-0.022304	-0.536167	0.316011	0.163774	0.106601	-0.062367	0.892160	-0.447394	-0.056068	0.444427	0.894059	0.996477	0.080845	0.022304	0.367756	0.189551	0.111290	-0.062367	0.447394	0.892160	-0.056068	-0.894059	0.444427	0.996477	-0.022304	0.080845	
0.550000	0.000000	0.000000	0.000000	0.887803	-0.460223	0.000000	0.460223	0.887803	0.000000	0.000000	0.000000	1.000000	0.000000	0.000000	0.000000	0.644284	-0.610813	0.460223	0.333987	-0.316636	-0.887803	0.688005	0.725706	0.000000	0.118548	0.061454	0.126593	0.470631	0.752796	-0.460223	0.243968	0.390237	0.887803	0.847931	-0.530107	-0.000000	0.314571	0.163069	0.110029	0.481693	0.448632	0.752796	0.222286	-0.893478	0.390237	0.847679	-0.020639	-0.530107	0.314571	0.163069	0.110029	-0.049219	0.892360	-0.448632	-0.047759	0.446559	0.893478	0.997646	0.065402	0.020639	0.366328	0.188969	0.113822	-0.049219	0.448632	0.892360	-0.047759	-0.893478	0.446559	0.997646	-0.020639	0.065402	
0.560000	0.000000	0.000000	0.000000	0.887972	-0.459898	0.000000	0.459898	0.887972	0.000000	0.000000	0.000000	1.000000	0.000000	0.000000	0.000000	0.633622	-0.622107	0.459898	0.328165	-0.322201	-0.887972	0.700593	0.713561	0.000000	0.116586	0.060382	0.128909	0.465647	0.756086	-0.459898	0.241168	0.391592	0.887972	0.851476	-0.524394	-0.000000	0.312741	0.161975	0.113830	0.475852	0.449331	0.756086	0.221178	-0.893161	0.391592	0.851261	-0.019110	-0.524394	0.312741	0.161975	0.113830	-0.030192	0.892855	-0.449331	-0.036561	0.448249	0.893161	0.998875	0.043394	0.019110	0.364527	0.187973	0.116347	-0.030192	0.449331	0.892855	-0.036561	-0.893161	0.448249	0.998875	-0.019110	0.043394	
0.570000	0.000000	0.000000	0.000000	0.888348	-0.459172	0.000000	0.459172	0.888348	0.000000	0.000000	0.000000	1.000000	0.000000	0.000000	0.000000	0.620887	-0.635343	0.459172	0.320926	-0.328398	-0.888348	0.715197	0.698923	0.000000	0.114243	0.059050	0.131596	0.460571	0.759629	-0.459172	0.238061	0.392639	0.888348	0.855103	-0.518458	-0.000000	0.310569	0.160528	0.118054	0.469983	0.449533	0.759629	0.219609	-0.893088	0.392639	0.854920	-0.017712	-0.518458	0.310569	0.160528	0.118054	-0.004897	0.893250	-0.449533	-0.022292	0.449329	0.893088	0.999739	0.014395	0.017712	0.362378	0.186589	0.118889	-0.004897	0.449533	0.893250	-0.022292	-0.893088	0.449329	0.999739	-0.017712	0.014395	
