# time	B0_r_i(1)	B0_r_i(2)	B0_r_i(3)	0_A_i(1,1)	0_A_i(1,2)	0_A_i(1,3)	0_A_i(2,1)	...
0.000000	0.000000	0.000000	0.000000	0.894393	0.447281	0.000000	-0.447281	0.894393	0.000000	0.000000	0.000000	1.000000	0.000000	0.000000	0.000000	0.539291	-0.713516	-0.447281	-0.269696	0.356825	-0.894393	0.797765	0.602969	0.000000	0.099230	-0.049624	0.146789	0.892335	0.060645	0.447281	-0.446252	-0.030328	0.894393	0.067806	-0.997699	-0.000000	0.203027	-0.101532	-0.041776	0.892335	-0.447281	0.060645	-0.446252	-0.894393	-0.030328	0.067806	0.000000	-0.997699	0.203027	-0.101532	-0.041776	0.894238	-0.016698	0.447281	-0.447203	0.008351	0.894393	-0.018670	-0.999826	-0.000000	0.202058	-0.101048	-0.099766	0.856388	-0.516063	-0.016698	-0.515998	-0.856549	0.008351	-0.018612	0.001465	-0.999826	
0.010000	0.000000	0.000000	0.000000	0.896235	0.443579	0.000000	-0.443579	0.896235	0.000000	0.000000	0.000000	1.000000	0.000000	0.000000	0.000000	0.550304	-0.707391	-0.443579	-0.272365	0.350113	-0.896235	0.789292	0.614018	0.000000	0.101256	-0.050115	0.145230	0.893086	0.075072	0.443579	-0.442020	-0.037156	0.896235	0.083763	-0.996486	-0.000000	0.207958	-0.102926	-0.041454	0.893289	-0.443169	0.075072	-0.441609	-0.896438	-0.037156	0.083763	0.000038	-0.996486	0.207958	-0.102926	-0.041454	0.894157	-0.063909	0.443169	-0.442044	0.031552	0.896438	-0.071273	-0.997457	-0.000038	0.204251	-0.101096	-0.099306	0.818886	-0.570387	-0.063909	-0.569611	-0.821308	0.031552	-0.070486	0.010566	-0.997457	
0.020000	0.000000	0.000000	0.000000	0.899664	0.436583	0.000000	-0.436583	0.899664	0.000000	0.000000	0.000000	1.000000	0.000000	0.000000	0.000000	0.559912	-0.704197	-0.436583	-0.271711	0.341729	-0.899664	0.782734	0.622357	0.000000	0.103024	-0.049995	0.144023	0.895290	0.088605	0.436583	-0.434461	-0.042998	0.899664	0.098487	-0.995138	-0.000000	0.212605	-0.103172	-0.040880	0.895734	-0.435672	0.088605	-0.433545	-0.900106	-0.042998	0.098487	0.000100	-0.995138	0.212605	-0.103172	-0.040880	0.894205	-0.102897	0.435672	-0.432828	0.049694	0.900106	-0.114268	-0.993450	-0.000100	0.206637	-0.100290	-0.098500	0.783660	-0.612608	-0.102897	-0.611058	-0.790024	0.049694	-0.111734	0.023933	-0.993450	
0.030000	0.000000	0.000000	0.000000	0.904425	0.426633	0.000000	-0.426633	0.904425	0.000000	0.000000	0.000000	1.000000	0.000000	0.000000	0.000000	0.568266	-0.703604	-0.426633	-0.268061	0.331902	-0.904425	0.777957	0.628317	0.000000	0.104561	-0.049323	0.143144	0.898644	0.102096	0.426633	-0.423906	-0.048160	0.904425	0.112885	-0.993608	-0.000000	0.217132	-0.102425	-0.039976	0.899262	-0.425327	0.102096	-0.422592	-0.905040	-0.048160	0.112885	0.000164	-0.993608	0.217132	-0.102425	-0.039976	0.894758	-0.136033	0.425327	-0.420523	0.063750	0.905040	-0.150230	-0.988651	-0.000164	0.209242	-0.098727	-0.097318	0.752108	-0.644848	-0.136033	-0.642904	-0.763289	0.063750	-0.144942	0.039509	-0.988651	
0.040000	0.000000	0.000000	0.000000	0.910291	0.413969	0.000000	-0.413969	0.910291	0.000000	0.000000	0.000000	1.000000	0.000000	0.000000	0.000000	0.575486	-0.705298	-0.413969	-0.261712	0.320746	-0.910291	0.774805	0.632200	0.000000	0.105889	-0.048155	0.142564	0.902869	0.116004	0.413969	-0.410594	-0.052755	0.910291	0.127436	-0.991847	-0.000000	0.221622	-0.100786	-0.038712	0.903532	-0.412520	0.116004	-0.409133	-0.910949	-0.052755	0.127436	0.000205	-0.991847	0.221622	-0.100786	-0.038712	0.895956	-0.164591	0.412520	-0.405771	0.074314	0.910949	-0.180590	-0.983558	-0.000205	0.212075	-0.096476	-0.095758	0.724921	-0.668879	-0.164591	-0.667086	-0.741265	0.074314	-0.171713	0.055925	-0.983558	
0.050000	0.000000	0.000000	0.000000	0.917043	0.398789	0.000000	-0.398789	0.917043	0.000000	0.000000	0.000000	1.000000	0.000000	0.000000	0.000000	0.581630	-0.708995	-0.398789	-0.252930	0.308316	-0.917043	0.773132	0.634245	0.000000	0.107020	-0.046539	0.142256	0.907693	0.130614	0.398789	-0.394723	-0.056800	0.917043	0.142430	-0.989805	-0.000000	0.226113	-0.098328	-0.037075	0.908237	-0.397548	0.130614	-0.393470	-0.917581	-0.056800	0.142430	0.000195	-0.989805	0.226113	-0.098328	-0.037075	0.897851	-0.189257	0.397548	-0.389044	0.081789	0.917581	-0.206174	-0.978515	-0.000195	0.215136	-0.093584	-0.093829	0.702385	-0.686176	-0.189257	-0.685100	-0.723842	0.081789	-0.193114	0.072212	-0.978515	
0.060000	0.000000	0.000000	0.000000	0.924465	0.381268	0.000000	-0.381268	0.924465	0.000000	0.000000	0.000000	1.000000	0.000000	0.000000	0.000000	0.586701	-0.714434	-0.381268	-0.241968	0.294647	-0.924465	0.772809	0.634639	0.000000	0.107953	-0.044522	0.142197	0.912843	0.146122	0.381268	-0.376475	-0.060264	0.924465	0.158061	-0.987429	-0.000000	0.230616	-0.095111	-0.035059	0.913095	-0.380665	0.146122	-0.375864	-0.924713	-0.060264	0.158061	0.000104	-0.987429	0.230616	-0.095111	-0.035059	0.900467	-0.210364	0.380665	-0.370709	0.086488	0.924713	-0.227450	-0.973790	-0.000104	0.218415	-0.090094	-0.091539	0.684538	-0.697965	-0.210364	-0.698110	-0.710748	0.086488	-0.209882	0.087653	-0.973790	
0.070000	0.000000	0.000000	0.000000	0.932341	0.361581	0.000000	-0.361581	0.932341	0.000000	0.000000	0.000000	1.000000	0.000000	0.000000	0.000000	0.590666	-0.721369	-0.361581	-0.229072	0.279762	-0.932341	0.773718	0.633530	0.000000	0.108682	-0.042149	0.142364	0.918041	0.162663	0.361581	-0.356035	-0.063084	0.932341	0.174467	-0.984663	-0.000000	0.235123	-0.091185	-0.032660	0.917840	-0.362092	0.162663	-0.356554	-0.932142	-0.063084	0.174467	-0.000097	-0.984663	0.235123	-0.091185	-0.032660	0.903822	-0.228025	0.362092	-0.351065	0.088678	0.932142	-0.244661	-0.969609	0.000097	0.221897	-0.086042	-0.088897	0.671272	-0.705265	-0.228025	-0.707019	-0.701612	0.088678	-0.222526	0.101691	-0.969609	
0.080000	0.000000	0.000000	0.000000	0.940460	0.339906	0.000000	-0.339906	0.940460	0.000000	0.000000	0.000000	1.000000	0.000000	0.000000	0.000000	0.593464	-0.729564	-0.339906	-0.214493	0.263683	-0.940460	0.775753	0.631037	0.000000	0.109197	-0.039467	0.142739	0.923009	0.180331	0.339906	-0.333598	-0.065176	0.940460	0.191748	-0.981444	-0.000000	0.239612	-0.086602	-0.029874	0.922222	-0.342033	0.180331	-0.335766	-0.939688	-0.065176	0.191747	-0.000442	-0.981444	0.239612	-0.086602	-0.029874	0.907939	-0.242200	0.342033	-0.330355	0.088612	0.939688	-0.257900	-0.966171	0.000442	0.225565	-0.081462	-0.085912	0.662388	-0.708930	-0.242200	-0.712529	-0.696024	0.088612	-0.231396	0.113879	-0.966171	
0.090000	0.000000	0.000000	0.000000	0.948616	0.316429	0.000000	-0.316429	0.948616	0.000000	0.000000	0.000000	1.000000	0.000000	0.000000	0.000000	0.595029	-0.738791	-0.316429	-0.198483	0.246438	-0.948616	0.778810	0.627260	0.000000	0.109485	-0.036521	0.143301	0.927469	0.199183	0.316429	-0.309375	-0.066441	0.948616	0.209972	-0.977707	-0.000000	0.244054	-0.081409	-0.026703	0.926010	-0.320675	0.199183	-0.313718	-0.947189	-0.066441	0.209969	-0.000962	-0.977707	0.244054	-0.081409	-0.026703	0.912845	-0.252749	0.320675	-0.308776	0.086548	0.947189	-0.267155	-0.963653	0.000962	0.229395	-0.076389	-0.082594	0.657636	-0.709671	-0.252749	-0.715178	-0.693563	0.086548	-0.236718	0.123844	-0.963653	
0.100000	0.000000	0.000000	0.000000	0.956617	0.291348	0.000000	-0.291348	0.956617	0.000000	0.000000	0.000000	1.000000	0.000000	0.000000	0.000000	0.595293	-0.748827	-0.291348	-0.181303	0.228063	-0.956617	0.782787	0.622290	0.000000	0.109534	-0.033360	0.144033	0.931156	0.219236	0.291348	-0.283594	-0.066771	0.956617	0.229178	-0.973384	-0.000000	0.248413	-0.075657	-0.023145	0.928987	-0.298191	0.219236	-0.290624	-0.954505	-0.066771	0.229172	-0.001686	-0.973384	0.248413	-0.075657	-0.023145	0.918563	-0.259468	0.298191	-0.286482	0.082759	0.954505	-0.272341	-0.962199	0.001686	0.233364	-0.070857	-0.078953	0.656734	-0.708080	-0.259468	-0.715373	-0.693825	0.082759	-0.238625	0.131266	-0.962199	
0.110000	0.000000	0.000000	0.000000	0.964285	0.264868	0.000000	-0.264868	0.964285	0.000000	0.000000	0.000000	1.000000	0.000000	0.000000	0.000000	0.594202	-0.759453	-0.264868	-0.163214	0.208605	-0.964285	0.787582	0.616210	0.000000	0.109333	-0.030031	0.144915	0.933819	0.240471	0.264868	-0.256500	-0.066052	0.964285	0.249378	-0.968406	-0.000000	0.252649	-0.069397	-0.019207	0.930962	-0.274742	0.240471	-0.266697	-0.961514	-0.066052	0.249364	-0.002641	-0.968406	0.252649	-0.069397	-0.019207	0.925104	-0.262107	0.274742	-0.263588	0.077536	0.961514	-0.273322	-0.961919	0.002641	0.237447	-0.064900	-0.074998	0.659377	-0.704643	-0.262107	-0.713421	-0.696433	0.077536	-0.237175	0.135867	-0.961919	
0.120000	0.000000	0.000000	0.000000	0.971460	0.237203	0.000000	-0.237203	0.971460	0.000000	0.000000	0.000000	1.000000	0.000000	0.000000	0.000000	0.591722	-0.770454	-0.237203	-0.144481	0.188123	-0.971460	0.793089	0.609106	0.000000	0.108877	-0.026585	0.145928	0.935231	0.262828	0.237203	-0.228356	-0.064175	0.971460	0.270549	-0.962706	-0.000000	0.256720	-0.062684	-0.014895	0.931763	-0.250477	0.262828	-0.242147	-0.968115	-0.064175	0.270522	-0.003847	-0.962706	0.256720	-0.062684	-0.014895	0.932445	-0.260400	0.250477	-0.240176	0.071199	0.968115	-0.269931	-0.962872	0.003847	0.241617	-0.058554	-0.070742	0.665237	-0.699751	-0.260400	-0.709550	-0.701049	0.071199	-0.232375	0.137403	-0.962872	
0.130000	0.000000	0.000000	0.000000	0.978007	0.208570	0.000000	-0.208570	0.978007	0.000000	0.000000	0.000000	1.000000	0.000000	0.000000	0.000000	0.587849	-0.781622	-0.208570	-0.125365	0.166689	-0.978007	0.799198	0.601068	0.000000	0.108164	-0.023067	0.147052	0.935194	0.286201	0.208570	-0.199440	-0.061035	0.978007	0.292637	-0.956224	-0.000000	0.260585	-0.055572	-0.010226	0.931249	-0.225532	0.286201	-0.217181	-0.974221	-0.061035	0.292589	-0.005318	-0.956224	0.260585	-0.055572	-0.010226	0.940521	-0.254080	0.225532	-0.216300	0.064088	0.974221	-0.261984	-0.965058	0.005318	0.245848	-0.051855	-0.066199	0.673962	-0.693699	-0.254080	-0.703929	-0.707374	0.064088	-0.224187	0.135661	-0.965058	
0.140000	0.000000	0.000000	0.000000	0.983814	0.179190	0.000000	-0.179190	0.983814	0.000000	0.000000	0.000000	1.000000	0.000000	0.000000	0.000000	0.582612	-0.792751	-0.179190	-0.106116	0.144390	-0.983814	0.805793	0.592197	0.000000	0.107201	-0.019525	0.148266	0.933551	0.310442	0.179190	-0.170035	-0.056543	0.983814	0.315549	-0.948909	-0.000000	0.264203	-0.048121	-0.005219	0.929308	-0.200033	0.310442	-0.192005	-0.979764	-0.056543	0.315471	-0.007060	-0.948909	0.264203	-0.048121	-0.005219	0.949204	-0.242895	0.200033	-0.191997	0.056569	0.979764	-0.249295	-0.968402	0.007060	0.250115	-0.044840	-0.061386	0.685166	-0.686695	-0.242895	-0.696685	-0.715144	0.056569	-0.212550	0.130462	-0.968402	
0.150000	0.000000	0.000000	0.000000	0.988795	0.149280	0.000000	-0.149280	0.988795	0.000000	0.000000	0.000000	1.000000	0.000000	0.000000	0.000000	0.576080	-0.803647	-0.149280	-0.086972	0.121328	-0.988795	0.812754	0.582608	0.000000	0.105999	-0.016003	0.149547	0.930188	0.335359	0.149280	-0.140432	-0.050630	0.988795	0.339159	-0.940729	-0.000000	0.267538	-0.040391	0.000097	0.925864	-0.174097	0.335359	-0.166819	-0.984687	-0.050630	0.339038	-0.009068	-0.940729	0.267538	-0.040391	0.000097	0.958295	-0.226629	0.174097	-0.167297	0.049027	0.984687	-0.231694	-0.972746	0.009068	0.254394	-0.037547	-0.056322	0.698426	-0.678852	-0.226629	-0.687923	-0.724126	0.049027	-0.197390	0.121661	-0.972746	
0.160000	0.000000	0.000000	0.000000	0.992888	0.119051	0.000000	-0.119051	0.992888	0.000000	0.000000	0.000000	1.000000	0.000000	0.000000	0.000000	0.568358	-0.814123	-0.119051	-0.068148	0.097616	-0.992888	0.819954	0.572429	0.000000	0.104578	-0.012539	0.150872	0.925045	0.360720	0.119051	-0.110916	-0.043252	0.992888	0.363304	-0.931671	-0.000000	0.270559	-0.032441	0.005684	0.920884	-0.147832	0.360720	-0.141816	-0.988948	-0.043252	0.363127	-0.011326	-0.931671	0.270559	-0.032441	0.005684	0.967508	-0.205118	0.147832	-0.142233	0.041861	0.988948	-0.209040	-0.977842	0.011326	0.258662	-0.030013	-0.051030	0.713273	-0.670200	-0.205118	-0.677740	-0.734109	0.041861	-0.178634	0.109159	-0.977842	
0.170000	0.000000	0.000000	0.000000	0.996058	0.088706	0.000000	-0.088706	0.996058	0.000000	0.000000	0.000000	1.000000	0.000000	0.000000	0.000000	0.559594	-0.824006	-0.088706	-0.049836	0.073384	-0.996058	0.827267	0.561809	0.000000	0.102965	-0.009170	0.152217	0.918115	0.386260	0.088706	-0.081765	-0.034399	0.996058	0.387788	-0.921748	-0.000000	0.273238	-0.024334	0.011497	0.914374	-0.121340	0.386260	-0.117179	-0.992515	-0.034399	0.387542	-0.013808	-0.921748	0.273238	-0.024334	0.011497	0.976472	-0.178269	0.121340	-0.116858	0.035474	0.992515	-0.181239	-0.983342	0.013808	0.262898	-0.022276	-0.045537	0.729191	-0.660681	-0.178269	-0.666237	-0.744895	0.035474	-0.156229	0.092902	-0.983342	
0.180000	0.000000	0.000000	0.000000	0.998291	0.058435	0.000000	-0.058435	0.998291	0.000000	0.000000	0.000000	1.000000	0.000000	0.000000	0.000000	0.549970	-0.833138	-0.058435	-0.032193	0.048768	-0.998291	0.834564	0.550912	0.000000	0.101195	-0.005923	0.153560	0.909450	0.411687	0.058435	-0.053235	-0.024098	0.998291	0.412392	-0.911007	-0.000000	0.275559	-0.016130	0.017479	0.906390	-0.094718	0.411687	-0.093071	-0.995368	-0.024098	0.412063	-0.016474	-0.911007	0.275559	-0.016130	0.017479	0.984729	-0.146073	0.094718	-0.091252	0.030265	0.995368	-0.148263	-0.988811	0.016474	0.267086	-0.014374	-0.039872	0.745622	-0.650162	-0.146073	-0.653535	-0.756291	0.030265	-0.130151	0.072897	-0.988811	
0.190000	0.000000	0.000000	0.000000	0.999596	0.028413	0.000000	-0.028413	0.999596	0.000000	0.000000	0.000000	1.000000	0.000000	0.000000	0.000000	0.539701	-0.841377	-0.028413	-0.015341	0.023916	-0.999596	0.841717	0.539919	0.000000	0.099305	-0.002823	0.154876	0.899159	0.436699	0.028413	-0.025558	-0.012413	0.999596	0.436876	-0.899522	-0.000000	0.277511	-0.007888	0.023568	0.897029	-0.068059	0.436699	-0.069639	-0.997495	-0.012413	0.436450	-0.019277	-0.899522	0.277511	-0.007888	0.023568	0.991751	-0.108622	0.068059	-0.065539	0.026615	0.997495	-0.110161	-0.993727	0.019277	0.271211	-0.006344	-0.034068	0.761968	-0.638441	-0.108622	-0.639781	-0.768096	0.026615	-0.100424	0.049214	-0.993727	
0.200000	0.000000	0.000000	0.000000	0.999999	-0.001202	0.000000	0.001202	0.999999	0.000000	0.000000	0.000000	1.000000	0.000000	0.000000	0.000000	0.529026	-0.848605	0.001202	0.000636	-0.001020	-0.999999	0.848605	0.529027	0.000000	0.097341	0.000117	0.156143	0.887404	0.460992	-0.001202	0.001067	0.000554	0.999999	0.460992	-0.887404	-0.000000	0.279098	0.000336	0.029694	0.886436	-0.041454	0.460992	-0.047002	-0.998895	0.000554	0.460459	-0.022159	-0.887404	0.279098	0.000336	0.029694	0.996950	-0.066118	0.041454	-0.039886	0.024872	0.998895	-0.067076	-0.997502	0.022159	0.275263	0.001778	-0.028161	0.777605	-0.625266	-0.066118	-0.625159	-0.780101	0.024872	-0.067131	0.021994	-0.997502	
0.210000	0.000000	0.000000	0.000000	0.999542	-0.030270	0.000000	0.030270	0.999542	0.000000	0.000000	0.000000	1.000000	0.000000	0.000000	0.000000	0.518205	-0.854721	0.030270	0.015693	-0.025884	-0.999542	0.855113	0.518442	0.000000	0.095350	0.002888	0.157341	0.874393	0.484273	-0.030270	0.026480	0.014666	0.999542	0.484495	-0.874794	-0.000000	0.280330	0.008489	0.035784	0.874789	-0.014992	0.484273	-0.025250	-0.999574	0.014666	0.483846	-0.025057	-0.874794	0.280330	0.008489	0.035784	0.999709	-0.018882	0.014992	-0.014512	0.025338	0.999574	-0.019254	-0.999501	0.025057	0.279234	0.009959	-0.022187	0.791904	-0.610353	-0.018882	-0.609887	-0.792083	0.025338	-0.030422	-0.008550	-0.999501	
0.220000	0.000000	0.000000	0.000000	0.998278	-0.058667	0.000000	0.058667	0.998278	0.000000	0.000000	0.000000	1.000000	0.000000	0.000000	0.000000	0.507503	-0.859650	0.058667	0.029825	-0.050520	-0.998278	0.861134	0.508379	0.000000	0.093381	0.005488	0.158449	0.860374	0.506276	-0.058667	0.050563	0.029753	0.998278	0.507150	-0.861858	-0.000000	0.281229	0.016527	0.041761	0.862298	0.011239	0.506276	-0.004441	-0.999547	0.029753	0.506381	-0.027904	-0.861858	0.281229	0.016527	0.041761	0.999404	0.032653	-0.011239	0.010317	0.028258	0.999547	0.032955	-0.999067	0.027904	0.283123	0.018166	-0.016185	0.804245	-0.593401	0.032653	-0.594223	-0.803804	0.028258	0.009478	-0.042129	-0.999067	
0.230000	0.000000	0.000000	0.000000	0.996270	-0.086290	0.000000	0.086290	0.996270	0.000000	0.000000	0.000000	1.000000	0.000000	0.000000	0.000000	0.497191	-0.863340	0.086290	0.043063	-0.074776	-0.996270	0.866572	0.499052	0.000000	0.091483	0.007924	0.159449	0.845615	0.526773	-0.086290	0.073241	0.045625	0.996270	0.528745	-0.848781	-0.000000	0.281829	0.024410	0.047549	0.849194	0.037153	0.526773	0.015398	-0.998840	0.045625	0.527857	-0.030633	-0.848781	0.281829	0.024410	0.047549	0.995432	0.087943	-0.037153	0.034294	0.033804	0.998840	0.089097	-0.995552	0.030633	0.286930	0.026371	-0.010193	0.814038	-0.574116	0.087943	-0.578456	-0.815013	0.033804	0.052267	-0.078388	-0.995552	
0.240000	0.000000	0.000000	0.000000	0.993589	-0.113049	0.000000	0.113049	0.993589	0.000000	0.000000	0.000000	1.000000	0.000000	0.000000	0.000000	0.487530	-0.865756	0.113049	0.055470	-0.098504	-0.993589	0.871342	0.490676	0.000000	0.089706	0.010207	0.160327	0.830400	0.545578	-0.113049	0.094482	0.062075	0.993589	0.549098	-0.835758	-0.000000	0.282170	0.032105	0.053075	0.835714	0.062667	0.545578	0.034274	-0.997483	0.062075	0.548095	-0.033178	-0.835758	0.282170	0.032105	0.053075	0.987246	0.146349	-0.062667	0.057081	0.042068	0.997483	0.148617	-0.988338	0.033178	0.290658	0.034545	-0.004248	0.820747	-0.552229	0.146349	-0.562898	-0.825455	0.042068	0.097573	-0.116907	-0.988338	
0.250000	0.000000	0.000000	0.000000	0.990310	-0.138873	0.000000	0.138873	0.990310	0.000000	0.000000	0.000000	1.000000	0.000000	0.000000	0.000000	0.478771	-0.866887	0.138873	0.067139	-0.121565	-0.990310	0.875369	0.483456	0.000000	0.088094	0.012354	0.161068	0.815011	0.562558	-0.138873	0.114291	0.078889	0.990310	0.568062	-0.822985	-0.000000	0.282301	0.039588	0.058273	0.822093	0.087701	0.562558	0.052219	-0.995515	0.078889	0.566953	-0.035478	-0.822985	0.282301	0.039588	0.058273	0.974369	0.207154	-0.087701	0.078323	0.053063	0.995515	0.210879	-0.976868	0.035478	0.294316	0.042665	0.001615	0.823905	-0.527511	0.207154	-0.547877	-0.834875	0.053063	0.144957	-0.157214	-0.976868	
0.260000	0.000000	0.000000	0.000000	0.986510	-0.163703	0.000000	0.163703	0.986510	0.000000	0.000000	0.000000	1.000000	0.000000	0.000000	0.000000	0.471144	-0.866732	0.163703	0.078183	-0.143827	-0.986510	0.878585	0.477587	0.000000	0.086690	0.014386	0.161660	0.799714	0.577632	-0.163703	0.132706	0.095853	0.986510	0.585531	-0.810650	-0.000000	0.282277	0.046842	0.063082	0.808552	0.112180	0.577632	0.069290	-0.992981	0.095853	0.584331	-0.037478	-0.810650	0.282277	0.046842	0.063082	0.956421	0.269583	-0.112180	0.097664	0.066714	0.992981	0.275175	-0.960663	0.037478	0.297913	0.050711	0.007363	0.823126	-0.499789	0.269583	-0.533721	-0.843025	0.066714	0.193922	-0.198796	-0.960663	
0.270000	0.000000	0.000000	0.000000	0.982266	-0.187494	0.000000	0.187494	0.982266	0.000000	0.000000	0.000000	1.000000	0.000000	0.000000	0.000000	0.464858	-0.865305	0.187494	0.088731	-0.165168	-0.982266	0.880928	0.473250	0.000000	0.085534	0.016327	0.162091	0.784751	0.590773	-0.187494	0.149792	0.112766	0.982266	0.601439	-0.798919	-0.000000	0.282155	0.053857	0.067451	0.795288	0.136034	0.590773	0.085561	-0.989931	0.112766	0.600164	-0.039134	-0.798919	0.282155	0.053857	0.067451	0.933126	0.332823	-0.136034	0.114758	0.082870	0.989931	0.340745	-0.939341	0.039134	0.301458	0.058664	0.012969	0.818118	-0.468948	0.332823	-0.520751	-0.849677	0.082870	0.243930	-0.241115	-0.939341	
0.280000	0.000000	0.000000	0.000000	0.977657	-0.210208	0.000000	0.210208	0.977657	0.000000	0.000000	0.000000	1.000000	0.000000	0.000000	0.000000	0.460096	-0.862626	0.210208	0.098926	-0.185475	-0.977657	0.882341	0.470611	0.000000	0.084658	0.018202	0.162351	0.770329	0.602001	-0.210208	0.165630	0.129437	0.977657	0.615759	-0.787934	-0.000000	0.281994	0.060632	0.071339	0.782464	0.159201	0.602001	0.101113	-0.986419	0.129437	0.614432	-0.040410	-0.787934	0.281994	0.060632	0.071339	0.904325	0.396045	-0.159201	0.129287	0.101306	0.986419	0.406794	-0.912626	0.040410	0.304964	0.066508	0.018406	0.808686	-0.434942	0.396045	-0.509264	-0.854627	0.101306	0.294409	-0.283616	-0.912626	
0.290000	0.000000	0.000000	0.000000	0.972759	-0.231820	0.000000	0.231820	0.972759	0.000000	0.000000	0.000000	1.000000	0.000000	0.000000	0.000000	0.457016	-0.858717	0.231820	0.108913	-0.204643	-0.972759	0.882765	0.469815	0.000000	0.084091	0.020040	0.162429	0.756614	0.611387	-0.231820	0.180310	0.145701	0.972759	0.628508	-0.777803	-0.000000	0.281854	0.067169	0.074716	0.770206	0.181626	0.611387	0.116031	-0.982501	0.145701	0.627151	-0.041280	-0.777803	0.281854	0.067169	0.074716	0.869977	0.458423	-0.181626	0.140972	0.121733	0.982501	0.472511	-0.880357	0.041280	0.308443	0.074230	0.023655	0.794737	-0.397796	0.458423	-0.499531	-0.857700	0.121733	0.344765	-0.325742	-0.880357	
0.300000	0.000000	0.000000	0.000000	0.967646	-0.252311	0.000000	0.252311	0.967646	0.000000	0.000000	0.000000	1.000000	0.000000	0.000000	0.000000	0.455750	-0.853599	0.252311	0.118836	-0.222574	-0.967646	0.882140	0.470988	0.000000	0.083858	0.021866	0.162314	0.743723	0.619043	-0.252311	0.193924	0.161414	0.967646	0.639741	-0.768590	-0.000000	0.281794	0.073477	0.077563	0.758597	0.203262	0.619043	0.130393	-0.978235	0.161414	0.638379	-0.041729	-0.768590	0.281794	0.073477	0.077563	0.830163	0.519147	-0.203262	0.149585	0.143810	0.978235	0.537079	-0.842499	0.041729	0.311904	0.081818	0.028698	0.776277	-0.357605	0.519147	-0.491778	-0.858762	0.143810	0.394397	-0.366941	-0.842499	
0.310000	0.000000	0.000000	0.000000	0.962391	-0.271670	0.000000	0.271670	0.962391	0.000000	0.000000	0.000000	1.000000	0.000000	0.000000	0.000000	0.456400	-0.847287	0.271670	0.128836	-0.239177	-0.962391	0.880398	0.474236	0.000000	0.083978	0.023706	0.161993	0.731721	0.625123	-0.271670	0.206555	0.176464	0.962391	0.649553	-0.760316	-0.000000	0.281869	0.079568	0.079875	0.747671	0.224072	0.625123	0.144265	-0.973678	0.176464	0.648209	-0.041754	-0.760316	0.281869	0.079568	0.079875	0.785087	0.577434	-0.224072	0.154956	0.167154	0.973678	0.599689	-0.799143	0.041754	0.315360	0.089263	0.033525	0.753418	-0.314535	0.577434	-0.486188	-0.857718	0.167154	0.442700	-0.406678	-0.799143	
0.320000	0.000000	0.000000	0.000000	0.957060	-0.289889	0.000000	0.289889	0.957060	0.000000	0.000000	0.000000	1.000000	0.000000	0.000000	0.000000	0.459043	-0.839788	0.289889	0.139042	-0.254368	-0.957060	0.877466	0.479638	0.000000	0.084464	0.025584	0.161454	0.720619	0.629820	-0.289889	0.218272	0.190769	0.957060	0.658077	-0.752950	-0.000000	0.282132	0.085456	0.081658	0.737413	0.244026	0.629820	0.157690	-0.968886	0.190769	0.656777	-0.041359	-0.752950	0.282132	0.085456	0.081658	0.735080	0.632541	-0.244026	0.156984	0.191351	0.968886	0.659555	-0.750518	0.041359	0.318820	0.096555	0.038127	0.726376	-0.268829	0.632541	-0.482887	-0.854521	0.191351	0.489079	-0.444438	-0.750518	
0.330000	0.000000	0.000000	0.000000	0.951720	-0.306968	0.000000	0.306968	0.951720	0.000000	0.000000	0.000000	1.000000	0.000000	0.000000	0.000000	0.463723	-0.831103	0.306968	0.149569	-0.268064	-0.951720	0.873264	0.487248	0.000000	0.085325	0.027521	0.160681	0.710367	0.633364	-0.306968	0.229122	0.204285	0.951720	0.665494	-0.746403	-0.000000	0.282632	0.091160	0.082931	0.727755	0.263101	0.633364	0.170689	-0.963915	0.204285	0.664257	-0.040561	-0.746403	0.282632	0.091160	0.082931	0.680613	0.683771	-0.263101	0.155648	0.215965	0.963915	0.715918	-0.697005	0.040561	0.322291	0.103686	0.042505	0.695484	-0.220813	0.683771	-0.481937	-0.849173	0.215965	0.532952	-0.479736	-0.697005	
0.340000	0.000000	0.000000	0.000000	0.946429	-0.322911	0.000000	0.322911	0.946429	0.000000	0.000000	0.000000	1.000000	0.000000	0.000000	0.000000	0.470450	-0.821222	0.322911	0.160513	-0.280192	-0.946429	0.867705	0.497079	0.000000	0.086563	0.029534	0.159658	0.700854	0.636028	-0.322911	0.239124	0.217006	0.946429	0.672030	-0.740524	-0.000000	0.283412	0.096697	0.083734	0.718573	0.281283	0.636028	0.183247	-0.958816	0.217006	0.670875	-0.039384	-0.740524	0.283412	0.096697	0.083734	0.622310	0.730487	-0.281283	0.151015	0.240553	0.958816	0.768066	-0.639159	0.039384	0.325781	0.110649	0.046663	0.661197	-0.170905	0.730487	-0.483332	-0.841739	0.240553	0.573767	-0.512121	-0.639159	
0.350000	0.000000	0.000000	0.000000	0.941243	-0.337729	0.000000	0.337729	0.941243	0.000000	0.000000	0.000000	1.000000	0.000000	0.000000	0.000000	0.479188	-0.810134	0.337729	0.171939	-0.290686	-0.941243	0.860706	0.509102	0.000000	0.088171	0.031637	0.158370	0.691904	0.638128	-0.337729	0.248263	0.228968	0.941243	0.677963	-0.735096	-0.000000	0.284510	0.102086	0.084121	0.709685	0.298563	0.638128	0.195312	-0.953639	0.228968	0.676905	-0.037861	-0.735096	0.284510	0.102086	0.084121	0.560971	0.772122	-0.298563	0.143256	0.264671	0.953639	0.815346	-0.577735	0.037861	0.329293	0.117437	0.050613	0.624113	-0.119628	0.772122	-0.486979	-0.832346	0.264671	0.611011	-0.541192	-0.577735	
0.360000	0.000000	0.000000	0.000000	0.936211	-0.351438	0.000000	0.351438	0.936211	0.000000	0.000000	0.000000	1.000000	0.000000	0.000000	0.000000	0.489846	-0.797836	0.351438	0.183880	-0.299494	-0.936211	0.852197	0.523222	0.000000	0.090132	0.033834	0.156804	0.683273	0.640023	-0.351438	0.256489	0.240254	0.936211	0.683631	-0.729827	-0.000000	0.285953	0.107342	0.084172	0.700846	0.314937	0.640023	0.206788	-0.948428	0.240254	0.682681	-0.036032	-0.729827	0.285953	0.107342	0.084172	0.497602	0.808212	-0.314937	0.132669	0.287893	0.948428	0.857200	-0.513722	0.036032	0.332830	0.124040	0.054376	0.584994	-0.067634	0.808212	-0.492689	-0.821204	0.287893	0.644236	-0.566613	-0.513722	
0.370000	0.000000	0.000000	0.000000	0.931375	-0.364061	0.000000	0.364061	0.931375	0.000000	0.000000	0.000000	1.000000	0.000000	0.000000	0.000000	0.502257	-0.784345	0.364061	0.196325	-0.306589	-0.931375	0.842137	0.539264	0.000000	0.092415	0.036124	0.154953	0.674651	0.642110	-0.364061	0.263711	0.250992	0.931375	0.689422	-0.724360	-0.000000	0.287758	0.112480	0.083989	0.691756	0.330406	0.642110	0.217539	-0.943228	0.250992	0.688586	-0.033941	-0.724360	0.287758	0.112480	0.083989	0.433430	0.838433	-0.330406	0.119687	0.309831	0.943228	0.893204	-0.448369	0.033941	0.336387	0.130451	0.057984	0.544778	-0.015710	0.838433	-0.500160	-0.808607	0.309831	0.673095	-0.588139	-0.448369	
0.380000	0.000000	0.000000	0.000000	0.926770	-0.375630	0.000000	0.375630	0.926770	0.000000	0.000000	0.000000	1.000000	0.000000	0.000000	0.000000	0.516167	-0.769723	0.375630	0.209208	-0.311977	-0.926770	0.830544	0.556953	0.000000	0.094975	0.038494	0.152820	0.665677	0.644807	-0.375630	0.269806	0.261347	0.926770	0.695758	-0.718276	-0.000000	0.289922	0.117508	0.083701	0.682068	0.344973	0.644807	0.227386	-0.938079	0.261347	0.695038	-0.031636	-0.718276	0.289922	0.117508	0.083701	0.369903	0.862650	-0.344973	0.104897	0.330157	0.938079	0.923130	-0.383185	0.031636	0.339955	0.136657	0.061476	0.504573	0.035217	0.862650	-0.508973	-0.794949	0.330157	0.697390	-0.605654	-0.383185	
0.390000	0.000000	0.000000	0.000000	0.922421	-0.386185	0.000000	0.386185	0.922421	0.000000	0.000000	0.000000	1.000000	0.000000	0.000000	0.000000	0.531221	-0.754099	0.386185	0.222404	-0.315715	-0.922421	0.817521	0.575899	0.000000	0.097745	0.040922	0.150424	0.655964	0.648515	-0.386185	0.274629	0.271511	0.922421	0.703058	-0.711133	-0.000000	0.292418	0.122425	0.083457	0.671420	0.358640	0.648515	0.236125	-0.933020	0.271511	0.702452	-0.029167	-0.711133	0.292418	0.122425	0.083457	0.308627	0.880981	-0.358640	0.089027	0.348636	0.933020	0.947008	-0.319884	0.029167	0.343515	0.142646	0.064904	0.465614	0.084123	0.880981	-0.518598	-0.780710	0.348636	0.717119	-0.619205	-0.319884	
0.400000	0.000000	0.000000	0.000000	0.918345	-0.395780	0.000000	0.395780	0.918345	0.000000	0.000000	0.000000	1.000000	0.000000	0.000000	0.000000	0.546976	-0.737683	0.395780	0.235731	-0.317920	-0.918345	0.803274	0.595610	0.000000	0.100644	0.043374	0.147802	0.645152	0.653557	-0.395780	0.278042	0.281664	0.918345	0.711668	-0.702516	-0.000000	0.295191	0.127219	0.083411	0.659484	0.371409	0.653557	0.243549	-0.928089	0.281664	0.711171	-0.026580	-0.702516	0.295191	0.127219	0.083411	0.251223	0.893836	-0.371409	0.072894	0.365154	0.928089	0.965180	-0.260231	0.026580	0.347034	0.148398	0.068318	0.429146	0.129968	0.893836	-0.528435	-0.766432	0.365154	0.732523	-0.629039	-0.260231	
0.410000	0.000000	0.000000	0.000000	0.914549	-0.404475	0.000000	0.404475	0.914549	0.000000	0.000000	0.000000	1.000000	0.000000	0.000000	0.000000	0.562932	-0.720769	0.404475	0.248966	-0.318772	-0.914549	0.788114	0.615530	0.000000	0.103579	0.045810	0.145013	0.632979	0.660104	-0.404475	0.279946	0.291942	0.914549	0.721781	-0.692121	-0.000000	0.298157	0.131865	0.083701	0.646033	0.383280	0.660104	0.249489	-0.923323	0.291942	0.721385	-0.023916	-0.692121	0.298157	0.131865	0.083701	0.199106	0.901916	-0.383280	0.057311	0.379725	0.923323	0.978301	-0.205806	0.023916	0.350468	0.153889	0.071764	0.396251	0.171848	0.901916	-0.537886	-0.752654	0.379725	0.744086	-0.635594	-0.205806	
0.420000	0.000000	0.000000	0.000000	0.911032	-0.412335	0.000000	0.412335	0.911032	0.000000	0.000000	0.000000	1.000000	0.000000	0.000000	0.000000	0.578599	-0.703707	0.412335	0.261875	-0.318499	-0.911032	0.772428	0.635103	0.000000	0.106462	0.048185	0.142127	0.619345	0.668126	-0.412335	0.280316	0.302395	0.911032	0.733372	-0.679827	-0.000000	0.301207	0.136327	0.084418	0.631011	0.394250	0.668126	0.253850	-0.918759	0.302395	0.733066	-0.021210	-0.679827	0.301207	0.136327	0.084418	0.153229	0.906139	-0.394250	0.042960	0.392476	0.918759	0.987256	-0.157717	0.021210	0.353763	0.159091	0.075270	0.367657	0.209143	0.906139	-0.546453	-0.739832	0.392476	0.752474	-0.639459	-0.157717	
0.430000	0.000000	0.000000	0.000000	0.907790	-0.419425	0.000000	0.419425	0.907790	0.000000	0.000000	0.000000	1.000000	0.000000	0.000000	0.000000	0.593556	-0.686858	0.419425	0.274240	-0.317348	-0.907790	0.756627	0.653847	0.000000	0.109214	0.050460	0.139219	0.604350	0.677380	-0.419425	0.279227	0.312969	0.907790	0.746186	-0.665737	-0.000000	0.304229	0.140562	0.085592	0.614560	0.404316	0.677380	0.256640	-0.914432	0.312969	0.745957	-0.018495	-0.665737	0.304229	0.140562	0.085592	0.113928	0.907496	-0.404316	0.030288	0.403604	0.914432	0.993027	-0.116425	0.018495	0.356864	0.163972	0.078839	0.343611	0.241626	0.907496	-0.553822	-0.728275	0.403604	0.758428	-0.641274	-0.116425	
0.440000	0.000000	0.000000	0.000000	0.904815	-0.425804	0.000000	0.425804	0.904815	0.000000	0.000000	0.000000	1.000000	0.000000	0.000000	0.000000	0.607482	-0.670565	0.425804	0.285879	-0.315566	-0.904815	0.741106	0.671388	0.000000	0.111777	0.052602	0.136364	0.588275	0.687476	-0.425804	0.276841	0.323525	0.904815	0.759797	-0.650160	-0.000000	0.307114	0.144527	0.087191	0.597001	0.413480	0.687476	0.257967	-0.910376	0.323525	0.759633	-0.015798	-0.650160	0.307114	0.144527	0.087191	0.080961	0.906907	-0.413480	0.019478	0.413323	0.910376	0.996527	-0.081759	0.015798	0.359715	0.168500	0.082449	0.323917	0.269440	0.906907	-0.559878	-0.718123	0.413323	0.762636	-0.641640	-0.081759	
0.450000	0.000000	0.000000	0.000000	0.902104	-0.431518	0.000000	0.431518	0.902104	0.000000	0.000000	0.000000	1.000000	0.000000	0.000000	0.000000	0.620150	-0.655138	0.431518	0.296647	-0.313383	-0.902104	0.726233	0.687449	0.000000	0.114108	0.054583	0.133627	0.571521	0.697965	-0.431518	0.273385	0.333869	0.902104	0.773708	-0.633543	-0.000000	0.309775	0.148180	0.089144	0.578770	0.421746	0.697965	0.258020	-0.906619	0.333869	0.773596	-0.013145	-0.633543	0.309775	0.148180	0.089144	0.053717	0.905121	-0.421746	0.010512	0.421820	0.906619	0.998501	-0.053134	0.013145	0.362273	0.172646	0.086063	0.308100	0.292968	0.905121	-0.564660	-0.709385	0.421820	0.765659	-0.641048	-0.053134	
0.460000	0.000000	0.000000	0.000000	0.899654	-0.436603	0.000000	0.436603	0.899654	0.000000	0.000000	0.000000	1.000000	0.000000	0.000000	0.000000	0.631386	-0.640882	0.436603	0.306412	-0.311021	-0.899654	0.712365	0.701810	0.000000	0.116175	0.056380	0.131075	0.554538	0.708425	-0.436603	0.269118	0.343799	0.899654	0.787441	-0.616390	-0.000000	0.312144	0.151484	0.091369	0.560342	0.429128	0.708425	0.257029	-0.903182	0.343799	0.787371	-0.010559	-0.616390	0.312144	0.151484	0.091369	0.031495	0.902695	-0.429128	0.003279	0.429245	0.903182	0.999499	-0.029853	0.010559	0.364500	0.176380	0.089638	0.295617	0.312655	0.902695	-0.568272	-0.702008	0.429245	0.767905	-0.639868	-0.029853	
0.470000	0.000000	0.000000	0.000000	0.897467	-0.441081	0.000000	0.441081	0.897467	0.000000	0.000000	0.000000	1.000000	0.000000	0.000000	0.000000	0.641026	-0.628119	0.441081	0.315047	-0.308703	-0.897467	0.699879	0.714261	0.000000	0.117949	0.057969	0.128778	0.537764	0.718510	-0.441081	0.264297	0.353128	0.897467	0.800598	-0.599202	-0.000000	0.314167	0.154404	0.093796	0.542180	0.435641	0.718510	0.255242	-0.900084	0.353128	0.800557	-0.008065	-0.599202	0.314167	0.154404	0.093796	0.013720	0.900016	-0.435641	-0.002319	0.435710	0.900084	0.999903	-0.011339	0.008065	0.366368	0.179675	0.093138	0.286032	0.328873	0.900016	-0.570806	-0.695943	0.435710	0.769653	-0.638362	-0.011339	
0.480000	0.000000	0.000000	0.000000	0.895548	-0.444964	0.000000	0.444964	0.895548	0.000000	0.000000	0.000000	1.000000	0.000000	0.000000	0.000000	0.648891	-0.617209	0.444964	0.322410	-0.306668	-0.895548	0.689197	0.724574	0.000000	0.119396	0.059323	0.126812	0.521605	0.727966	-0.444964	0.259166	0.361699	0.895548	0.812872	-0.582442	-0.000000	0.315803	0.156911	0.096379	0.524702	0.441309	0.727966	0.252902	-0.897337	0.361699	0.812852	-0.005680	-0.582442	0.315803	0.156911	0.096379	0.000068	0.897355	-0.441309	-0.006297	0.441300	0.897337	0.999980	0.002718	0.005680	0.367849	0.182506	0.096537	0.279103	0.341840	0.897355	-0.572287	-0.691188	0.441300	0.771096	-0.636713	0.002718	
0.490000	0.000000	0.000000	0.000000	0.893903	-0.448260	0.000000	0.448260	0.893903	0.000000	0.000000	0.000000	1.000000	0.000000	0.000000	0.000000	0.654775	-0.608550	0.448260	0.328345	-0.305166	-0.893903	0.680779	0.732489	0.000000	0.120479	0.060416	0.125263	0.506407	0.736624	-0.448260	0.253945	0.369390	0.893903	0.824053	-0.566512	-0.000000	0.317017	0.158972	0.099104	0.508264	0.446153	0.736624	0.250231	-0.894950	0.369390	0.824046	-0.003422	-0.566512	0.317017	0.158972	0.099104	-0.009501	0.894906	-0.446153	-0.008559	0.446084	0.894950	0.999918	0.012322	0.003422	0.368921	0.184845	0.099819	0.274814	0.351597	0.894906	-0.572649	-0.687809	0.446084	0.772367	-0.635057	0.012322	
0.500000	0.000000	0.000000	0.000000	0.892541	-0.450966	0.000000	0.450966	0.892541	0.000000	0.000000	0.000000	1.000000	0.000000	0.000000	0.000000	0.658444	-0.602563	0.450966	0.332685	-0.304451	-0.892541	0.675109	0.737718	0.000000	0.121154	0.061214	0.124220	0.492445	0.744398	-0.450966	0.248813	0.376114	0.892541	0.834020	-0.551734	-0.000000	0.317777	0.160560	0.101984	0.493147	0.450198	0.744398	0.247422	-0.892928	0.376114	0.834019	-0.001300	-0.551734	0.317777	0.160560	0.101984	-0.014742	0.892807	-0.450198	-0.008888	0.450112	0.892928	0.999852	0.017164	0.001300	0.369560	0.186667	0.102980	0.273367	0.358002	0.892807	-0.571728	-0.685949	0.450112	0.773561	-0.633489	0.017164	
0.510000	0.000000	0.000000	0.000000	0.891457	-0.453106	0.000000	0.453106	0.891457	0.000000	0.000000	0.000000	1.000000	0.000000	0.000000	0.000000	0.659772	-0.599497	0.453106	0.335346	-0.304710	-0.891457	0.672491	0.740105	0.000000	0.121398	0.061704	0.123738	0.479872	0.751278	-0.453106	0.243907	0.381856	0.891457	0.842753	-0.538301	-0.000000	0.318075	0.161670	0.105035	0.479505	0.453494	0.751278	0.244628	-0.891259	0.381856	0.842753	0.000681	-0.538301	0.318075	0.161670	0.105035	-0.015508	0.891125	-0.453494	-0.007126	0.453438	0.891259	0.999854	0.017053	-0.000681	0.369760	0.187969	0.106024	0.274907	0.361003	0.891125	-0.569400	-0.685695	0.453438	0.774732	-0.632060	0.017053	
0.520000	0.000000	0.000000	0.000000	0.890629	-0.454731	0.000000	0.454731	0.890629	0.000000	0.000000	0.000000	1.000000	0.000000	0.000000	0.000000	0.658773	-0.599364	0.454731	0.336351	-0.306019	-0.890629	0.672967	0.739672	0.000000	0.121214	0.061889	0.123826	0.468686	0.757333	-0.454731	0.239298	0.386673	0.890629	0.850335	-0.526242	-0.000000	0.317926	0.162324	0.108267	0.467335	0.456119	0.757333	0.241940	-0.889915	0.386673	0.850331	0.002523	-0.526242	0.317926	0.162324	0.108267	-0.011839	0.889840	-0.456119	-0.003233	0.456115	0.889915	0.999925	0.012010	-0.002523	0.369537	0.188779	0.108964	0.279452	0.360682	0.889840	-0.565615	-0.687051	0.456115	0.775878	-0.630769	0.012010	
0.530000	0.000000	0.000000	0.000000	0.890042	-0.455878	0.000000	0.455878	0.890042	0.000000	0.000000	0.000000	1.000000	0.000000	0.000000	0.000000	0.655482	-0.602095	0.455878	0.335737	-0.308392	-0.890042	0.676479	0.736462	0.000000	0.120609	0.061776	0.124472	0.458765	0.762699	-0.455878	0.234979	0.390653	0.890042	0.856924	-0.515442	-0.000000	0.317351	0.162546	0.111709	0.456510	0.458136	0.762699	0.239368	-0.888872	0.390653	0.856914	0.004228	-0.515442	0.317351	0.162546	0.111709	-0.003582	0.888875	-0.458136	0.002911	0.458147	0.888872	0.999989	0.001851	-0.004228	0.368905	0.189119	0.111816	0.287158	0.356990	0.888875	-0.560270	-0.690072	0.458147	0.776941	-0.629570	0.001851	
0.540000	0.000000	0.000000	0.000000	0.889681	-0.456582	0.000000	0.456582	0.889681	0.000000	0.000000	0.000000	1.000000	0.000000	0.000000	0.000000	0.649977	-0.607506	0.456582	0.333566	-0.311770	-0.889681	0.682835	0.730572	0.000000	0.119596	0.061376	0.125642	0.449895	0.767546	-0.456582	0.230885	0.393903	0.889681	0.862721	-0.505681	-0.000000	0.316374	0.162362	0.115388	0.446816	0.459595	0.767546	0.236859	-0.888110	0.393903	0.862701	0.005798	-0.505681	0.316374	0.162362	0.115388	0.009435	0.888078	-0.459595	0.011411	0.459490	0.888110	0.999890	-0.013624	-0.005798	0.367883	0.189013	0.114598	0.298193	0.349854	0.888078	-0.553269	-0.694811	0.459490	0.777801	-0.628363	-0.013624	
0.550000	0.000000	0.000000	0.000000	0.889534	-0.456870	0.000000	0.456870	0.889534	0.000000	0.000000	0.000000	1.000000	0.000000	0.000000	0.000000	0.642394	-0.615305	0.456870	0.329937	-0.316024	-0.889534	0.691717	0.722169	0.000000	0.118200	0.060708	0.127276	0.441813	0.772057	-0.456870	0.226918	0.396533	0.889534	0.867934	-0.496679	-0.000000	0.315030	0.161801	0.119324	0.437991	0.460535	0.772057	0.234322	-0.887612	0.396533	0.867904	0.007232	-0.496679	0.315030	0.161801	0.119324	0.027289	0.887222	-0.460535	0.022301	0.460052	0.887612	0.999379	-0.034492	-0.007232	0.366489	0.188484	0.117323	0.312637	0.339257	0.887222	-0.544579	-0.701275	0.460052	0.778262	-0.626992	-0.034492	
0.560000	0.000000	0.000000	0.000000	0.889586	-0.456767	0.000000	0.456767	0.889586	0.000000	0.000000	0.000000	1.000000	0.000000	0.000000	0.000000	0.632930	-0.625111	0.456767	0.324984	-0.320969	-0.889586	0.702698	0.711488	0.000000	0.116459	0.059797	0.129296	0.434254	0.776394	-0.456767	0.222972	0.398647	0.889586	0.872758	-0.488153	-0.000000	0.313360	0.160898	0.123513	0.429772	0.460987	0.776394	0.231651	-0.887366	0.398647	0.872717	0.008525	-0.488153	0.313360	0.160898	0.123513	0.049871	0.886005	-0.460987	0.035497	0.459697	0.887366	0.998125	-0.060618	-0.008525	0.364749	0.187560	0.119997	0.330429	0.325289	0.886005	-0.534258	-0.709399	0.459697	0.778065	-0.625252	-0.060618	
0.570000	0.000000	0.000000	0.000000	0.889829	-0.456295	0.000000	0.456295	0.889829	0.000000	0.000000	0.000000	1.000000	0.000000	0.000000	0.000000	0.621826	-0.636496	0.456295	0.318866	-0.326388	-0.889829	0.715302	0.698816	0.000000	0.114416	0.058671	0.131615	0.426991	0.780688	-0.456295	0.218956	0.400329	0.889829	0.877347	-0.479857	-0.000000	0.311411	0.159688	0.127930	0.421935	0.460974	0.780688	0.228752	-0.887361	0.400329	0.877293	0.009671	-0.479857	0.311411	0.159688	0.127930	0.076870	0.884078	-0.460974	0.050786	0.458270	0.887361	0.995747	-0.091623	-0.009671	0.362688	0.186268	0.122616	0.351340	0.308165	0.884078	-0.522464	-0.719041	0.458270	0.776911	-0.622908	-0.091623	
