# time	B0_r_i(1)	B0_r_i(2)	B0_r_i(3)	0_A_i(1,1)	0_A_i(1,2)	0_A_i(1,3)	0_A_i(2,1)	...
0.000000	0.000000	0.000000	0.000000	0.894448	0.447171	0.000000	-0.447171	0.894448	0.000000	0.000000	0.000000	1.000000	0.000000	0.000000	0.000000	0.526885	-0.722794	-0.447171	-0.263411	0.361354	-0.894448	0.808089	0.589061	0.000000	0.096947	-0.048468	0.148688	0.893392	0.043453	0.447171	-0.446643	-0.021724	0.894448	0.048581	-0.998819	-0.000000	0.197483	-0.098730	-0.042076	0.893392	-0.447171	0.043453	-0.446643	-0.894448	-0.021724	0.048581	0.000000	-0.998819	0.197483	-0.098730	-0.042076	0.893392	0.043453	0.447171	-0.446643	-0.021724	0.894448	0.048581	-0.998819	-0.000000	0.200003	-0.099990	-0.100008	0.893392	-0.447171	0.043453	-0.446643	-0.894448	-0.021724	0.048581	0.000000	-0.998819	
0.010000	0.000000	0.000000	0.000000	0.895937	0.444182	0.000000	-0.444182	0.895937	0.000000	0.000000	0.000000	1.000000	0.000000	0.000000	0.000000	0.526258	-0.725089	-0.444182	-0.260905	0.359480	-0.895937	0.809309	0.587384	0.000000	0.096832	-0.048007	0.148913	0.894804	0.045029	0.444182	-0.443621	-0.022324	0.895937	0.050259	-0.998736	-0.000000	0.197822	-0.098075	-0.041663	0.894804	-0.444182	0.045029	-0.443621	-0.895937	-0.022324	0.050259	0.000000	-0.998736	0.197822	-0.098075	-0.041663	0.894830	0.044511	0.444182	-0.443633	-0.022067	0.895937	0.049681	-0.998765	-0.000000	0.200404	-0.099355	-0.099591	0.894830	-0.444182	0.044511	-0.443633	-0.895937	-0.022067	0.049681	0.000000	-0.998765	
0.020000	0.000000	0.000000	0.000000	0.898824	0.438310	0.000000	-0.438310	0.898824	0.000000	0.000000	0.000000	1.000000	0.000000	0.000000	0.000000	0.524992	-0.729567	-0.438310	-0.256011	0.355772	-0.898824	0.811691	0.584088	0.000000	0.096599	-0.047106	0.149351	0.897533	0.048148	0.438310	-0.437681	-0.023479	0.898824	0.053568	-0.998564	-0.000000	0.198481	-0.096789	-0.040850	0.897533	-0.438311	0.048148	-0.437682	-0.898823	-0.023479	0.053568	-0.000000	-0.998564	0.198481	-0.096789	-0.040850	0.897614	0.046615	0.438311	-0.437721	-0.022732	0.898823	0.051862	-0.998654	0.000000	0.201185	-0.098108	-0.098772	0.897614	-0.438311	0.046615	-0.437721	-0.898823	-0.022732	0.051862	-0.000000	-0.998654	
0.030000	0.000000	0.000000	0.000000	0.902992	0.429658	0.000000	-0.429658	0.902992	0.000000	0.000000	0.000000	1.000000	0.000000	0.000000	0.000000	0.523050	-0.736079	-0.429658	-0.248875	0.350238	-0.902992	0.815156	0.579241	0.000000	0.096241	-0.045793	0.149989	0.901447	0.052802	0.429658	-0.428922	-0.025124	0.902992	0.058474	-0.998289	-0.000000	0.199439	-0.094896	-0.039653	0.901443	-0.429665	0.052802	-0.428930	-0.902988	-0.025124	0.058474	-0.000000	-0.998289	0.199439	-0.094896	-0.039653	0.901615	0.049790	0.429665	-0.429011	-0.023691	0.902988	0.055139	-0.998479	0.000000	0.202327	-0.096270	-0.097565	0.901615	-0.429665	0.049790	-0.429011	-0.902988	-0.023691	0.055139	-0.000000	-0.998479	
0.040000	0.000000	0.000000	0.000000	0.908297	0.418327	0.000000	-0.418327	0.908297	0.000000	0.000000	0.000000	1.000000	0.000000	0.000000	0.000000	0.520383	-0.744449	-0.418327	-0.239669	0.342865	-0.908297	0.819610	0.572922	0.000000	0.095751	-0.044099	0.150808	0.906378	0.059001	0.418327	-0.417443	-0.027173	0.908297	0.064958	-0.997888	-0.000000	0.200672	-0.092422	-0.038087	0.906368	-0.418350	0.059001	-0.417467	-0.908286	-0.027173	0.064958	-0.000002	-0.997888	0.200672	-0.092422	-0.038087	0.906674	0.054093	0.418350	-0.417608	-0.024913	0.908286	0.059554	-0.998225	0.000002	0.203809	-0.093867	-0.095984	0.906674	-0.418350	0.054093	-0.417608	-0.908286	-0.024913	0.059554	-0.000002	-0.998225	
0.050000	0.000000	0.000000	0.000000	0.914572	0.404423	0.000000	-0.404423	0.914572	0.000000	0.000000	0.000000	1.000000	0.000000	0.000000	0.000000	0.516934	-0.754468	-0.404423	-0.228588	0.333625	-0.914572	0.824941	0.565219	0.000000	0.095116	-0.042060	0.151789	0.912132	0.066769	0.404423	-0.403344	-0.029525	0.914572	0.073005	-0.997332	-0.000000	0.202152	-0.089391	-0.036168	0.912108	-0.404477	0.066769	-0.403398	-0.914548	-0.029525	0.073005	-0.000004	-0.997332	0.202152	-0.089391	-0.036168	0.912604	0.059601	0.404477	-0.403618	-0.026355	0.914548	0.065168	-0.997874	0.000004	0.205609	-0.090920	-0.094045	0.912604	-0.404477	0.059601	-0.403618	-0.914548	-0.026355	0.065168	-0.000004	-0.997874	
0.060000	0.000000	0.000000	0.000000	0.921635	0.388057	0.000000	-0.388057	0.921635	0.000000	0.000000	0.000000	1.000000	0.000000	0.000000	0.000000	0.512643	-0.765904	-0.388057	-0.215850	0.322486	-0.921635	0.831027	0.556232	0.000000	0.094326	-0.039716	0.152909	0.918485	0.076134	0.388057	-0.386731	-0.032057	0.921635	0.082608	-0.996582	-0.000000	0.203853	-0.085833	-0.033913	0.918440	-0.388165	0.076134	-0.386839	-0.921590	-0.032057	0.082608	-0.000010	-0.996582	0.203853	-0.085833	-0.033913	0.919194	0.066415	0.388165	-0.387156	-0.027963	0.921590	0.072062	-0.997400	0.000010	0.207705	-0.087455	-0.091762	0.919194	-0.388165	0.066415	-0.387156	-0.921590	-0.027963	0.072062	-0.000010	-0.997400	
0.070000	0.000000	0.000000	0.000000	0.929289	0.369354	0.000000	-0.369354	0.929289	0.000000	0.000000	0.000000	1.000000	0.000000	0.000000	0.000000	0.507464	-0.778497	-0.369354	-0.201696	0.309420	-0.929289	0.837734	0.546078	0.000000	0.093373	-0.037112	0.154143	0.925196	0.087125	0.369354	-0.367727	-0.034629	0.929289	0.093755	-0.995595	-0.000000	0.205745	-0.081775	-0.031337	0.925120	-0.369543	0.087125	-0.367916	-0.929214	-0.034629	0.093755	-0.000019	-0.995595	0.205745	-0.081775	-0.031337	0.926211	0.074646	0.369543	-0.368350	-0.029666	0.929214	0.080324	-0.996769	0.000019	0.210074	-0.083496	-0.089149	0.926211	-0.369543	0.074646	-0.368350	-0.929214	-0.029666	0.080324	-0.000019	-0.996769	
0.080000	0.000000	0.000000	0.000000	0.937327	0.348450	0.000000	-0.348450	0.937327	0.000000	0.000000	0.000000	1.000000	0.000000	0.000000	0.000000	0.501365	-0.791970	-0.348450	-0.186381	0.294413	-0.937327	0.844923	0.534888	0.000000	0.092251	-0.034294	0.155466	0.932004	0.099759	0.348450	-0.346471	-0.037085	0.937327	0.106430	-0.994320	-0.000000	0.207800	-0.077249	-0.028459	0.931890	-0.348754	0.099759	-0.346777	-0.937214	-0.037085	0.106430	-0.000035	-0.994320	0.207800	-0.077249	-0.028459	0.933405	0.084409	0.348754	-0.347340	-0.031373	0.937214	0.090051	-0.995937	0.000035	0.212696	-0.079069	-0.086223	0.933405	-0.348754	0.084409	-0.347340	-0.937214	-0.031373	0.090051	-0.000035	-0.995937	
0.090000	0.000000	0.000000	0.000000	0.945542	0.325501	0.000000	-0.325501	0.945542	0.000000	0.000000	0.000000	1.000000	0.000000	0.000000	0.000000	0.494341	-0.806025	-0.325501	-0.170176	0.277473	-0.945542	0.852448	0.522813	0.000000	0.090959	-0.031312	0.156850	0.938640	0.114038	0.325501	-0.323125	-0.039257	0.945542	0.120606	-0.992700	-0.000000	0.209990	-0.072289	-0.025296	0.938480	-0.325960	0.114038	-0.323587	-0.945384	-0.039257	0.120606	-0.000059	-0.992700	0.209990	-0.072289	-0.025296	0.940515	0.095820	0.325960	-0.324288	-0.032976	0.945384	0.101335	-0.994852	0.000059	0.215548	-0.074201	-0.082998	0.940515	-0.325960	0.095820	-0.324288	-0.945384	-0.032976	0.101335	-0.000059	-0.994852	
0.100000	0.000000	0.000000	0.000000	0.953724	0.300684	0.000000	-0.300684	0.953724	0.000000	0.000000	0.000000	1.000000	0.000000	0.000000	0.000000	0.486421	-0.820356	-0.300684	-0.153356	0.258636	-0.953724	0.860161	0.510023	0.000000	0.089501	-0.028217	0.158270	0.944831	0.129940	0.300684	-0.297880	-0.040967	0.953724	0.136245	-0.990675	-0.000000	0.212287	-0.066928	-0.021870	0.944622	-0.301338	0.129940	-0.298540	-0.953517	-0.040967	0.136245	-0.000094	-0.990675	0.212287	-0.066928	-0.021870	0.947269	0.108982	0.301338	-0.299374	-0.034343	0.953517	0.114265	-0.993450	0.000094	0.218608	-0.068920	-0.079490	0.947269	-0.301338	0.108982	-0.299374	-0.953517	-0.034343	0.114265	-0.000094	-0.993450	
0.110000	0.000000	0.000000	0.000000	0.961675	0.274194	0.000000	-0.274194	0.961675	0.000000	0.000000	0.000000	1.000000	0.000000	0.000000	0.000000	0.477671	-0.834654	-0.274194	-0.136194	0.237978	-0.961675	0.867918	0.496708	0.000000	0.087892	-0.025060	0.159697	0.950309	0.147412	0.274194	-0.270953	-0.042030	0.961675	0.153287	-0.988182	-0.000000	0.214666	-0.061206	-0.018198	0.950052	-0.275084	0.147412	-0.271854	-0.961420	-0.042030	0.153287	-0.000144	-0.988182	0.214666	-0.061206	-0.018198	0.953392	0.123983	0.275084	-0.272806	-0.035326	0.961420	0.128918	-0.991655	0.000144	0.221857	-0.063255	-0.075714	0.953392	-0.275084	0.123983	-0.272806	-0.961420	-0.035326	0.128918	-0.000144	-0.991655	
0.120000	0.000000	0.000000	0.000000	0.969207	0.246247	0.000000	-0.246247	0.969207	0.000000	0.000000	0.000000	1.000000	0.000000	0.000000	0.000000	0.468201	-0.848617	-0.246247	-0.118956	0.215608	-0.969207	0.875578	0.483076	0.000000	0.086149	-0.021888	0.161106	0.954821	0.166370	0.246247	-0.242592	-0.042270	0.969207	0.171656	-0.985157	-0.000000	0.217104	-0.055160	-0.014304	0.954520	-0.247410	0.166370	-0.243772	-0.968911	-0.042270	0.171656	-0.000209	-0.985157	0.217104	-0.055160	-0.014304	0.958614	0.140883	0.247410	-0.244812	-0.035761	0.968911	0.145351	-0.989380	0.000209	0.225275	-0.057234	-0.071688	0.958614	-0.247410	0.140883	-0.244812	-0.968911	-0.035761	0.145351	-0.000209	-0.989380	
0.130000	0.000000	0.000000	0.000000	0.976155	0.217076	0.000000	-0.217076	0.976155	0.000000	0.000000	0.000000	1.000000	0.000000	0.000000	0.000000	0.458161	-0.861955	-0.217076	-0.101885	0.191680	-0.976155	0.883011	0.469353	0.000000	0.084302	-0.018747	0.162474	0.958136	0.186693	0.217076	-0.213069	-0.041517	0.976155	0.191254	-0.981541	-0.000000	0.219582	-0.048830	-0.010209	0.957802	-0.218543	0.186693	-0.214563	-0.975827	-0.041517	0.191254	-0.000293	-0.981541	0.219582	-0.048830	-0.010209	0.962669	0.159711	0.218543	-0.215645	-0.035472	0.975827	0.163602	-0.986526	0.000293	0.228845	-0.050888	-0.067427	0.962669	-0.218543	0.159711	-0.215645	-0.975827	-0.035472	0.163602	-0.000293	-0.986526	
0.140000	0.000000	0.000000	0.000000	0.982374	0.186927	0.000000	-0.186927	0.982374	0.000000	0.000000	0.000000	1.000000	0.000000	0.000000	0.000000	0.447743	-0.874405	-0.186927	-0.085197	0.166383	-0.982374	0.890094	0.455776	0.000000	0.082385	-0.015676	0.163777	0.960052	0.208226	0.186927	-0.182680	-0.039621	0.982374	0.211962	-0.977278	-0.000000	0.222082	-0.042258	-0.005937	0.959702	-0.188718	0.208226	-0.184513	-0.982031	-0.039621	0.211962	-0.000396	-0.977278	0.222082	-0.042258	-0.005937	0.965309	0.180456	0.188718	-0.185579	-0.034283	0.982031	0.183683	-0.982986	0.000396	0.232549	-0.044246	-0.062950	0.965309	-0.188718	0.180456	-0.185579	-0.982031	-0.034283	0.183683	-0.000396	-0.982986	
0.150000	0.000000	0.000000	0.000000	0.987748	0.156055	0.000000	-0.156055	0.987748	0.000000	0.000000	0.000000	1.000000	0.000000	0.000000	0.000000	0.437169	-0.885737	-0.156055	-0.069069	0.139939	-0.987748	0.896723	0.442592	0.000000	0.080439	-0.012709	0.164997	0.960410	0.230781	0.156055	-0.151736	-0.036461	0.987748	0.233644	-0.972322	-0.000000	0.224594	-0.035484	-0.001513	0.960062	-0.158179	0.230781	-0.153920	-0.987410	-0.036461	0.233643	-0.000517	-0.972322	0.224594	-0.035484	-0.001513	0.966304	0.203067	0.158179	-0.154906	-0.032018	0.987410	0.205575	-0.978641	0.000517	0.236372	-0.037341	-0.058274	0.966304	-0.158179	0.203067	-0.154906	-0.987410	-0.032018	0.205575	-0.000517	-0.978641	
0.160000	0.000000	0.000000	0.000000	0.992192	0.124717	0.000000	-0.124717	0.992192	0.000000	0.000000	0.000000	1.000000	0.000000	0.000000	0.000000	0.426688	-0.895758	-0.124717	-0.053634	0.112595	-0.992192	0.902807	0.430046	0.000000	0.078511	-0.009869	0.166116	0.959090	0.254148	0.124717	-0.120556	-0.031946	0.992192	0.256148	-0.966638	-0.000000	0.227110	-0.028547	0.003039	0.958769	-0.127167	0.254148	-0.123091	-0.991881	-0.031946	0.256147	-0.000655	-0.966638	0.227110	-0.028547	0.003039	0.965450	0.227452	0.127167	-0.123930	-0.028519	0.991881	0.229232	-0.973372	0.000655	0.240302	-0.030201	-0.053417	0.965450	-0.127167	0.227452	-0.123930	-0.991881	-0.028519	0.229232	-0.000655	-0.973372	
0.170000	0.000000	0.000000	0.000000	0.995651	0.093165	0.000000	-0.093165	0.995651	0.000000	0.000000	0.000000	1.000000	0.000000	0.000000	0.000000	0.416562	-0.904321	-0.093165	-0.038979	0.084619	-0.995651	0.908271	0.418382	0.000000	0.076647	-0.007172	0.167122	0.956024	0.278097	0.093165	-0.089457	-0.026022	0.995651	0.279311	-0.960201	-0.000000	0.229625	-0.021486	0.007692	0.955752	-0.095921	0.278097	-0.092327	-0.995389	-0.026022	0.279310	-0.000805	-0.960201	0.229625	-0.021486	0.007692	0.962575	0.253474	0.095921	-0.092964	-0.023644	0.995389	0.254573	-0.967053	0.000805	0.244326	-0.022858	-0.048397	0.962575	-0.095921	0.253474	-0.092964	-0.995389	-0.023644	0.254573	-0.000805	-0.967053	
0.180000	0.000000	0.000000	0.000000	0.998098	0.061642	0.000000	-0.061642	0.998098	0.000000	0.000000	0.000000	1.000000	0.000000	0.000000	0.000000	0.407053	-0.911322	-0.061642	-0.025139	0.056283	-0.998098	0.913058	0.407829	0.000000	0.074898	-0.004626	0.168003	0.951189	0.302391	0.061642	-0.058745	-0.018675	0.998098	0.302967	-0.953001	-0.000000	0.232139	-0.014337	0.012420	0.950988	-0.064666	0.302391	-0.061918	-0.997906	-0.018675	0.302965	-0.000963	-0.953001	0.232139	-0.014337	0.012420	0.957538	0.280961	0.064666	-0.062322	-0.017280	0.997906	0.281490	-0.959564	0.000963	0.248435	-0.015339	-0.043235	0.957538	-0.064666	0.280961	-0.062322	-0.997906	-0.017280	0.281490	-0.000963	-0.959564	
0.190000	0.000000	0.000000	0.000000	0.999539	0.030375	0.000000	-0.030375	0.999539	0.000000	0.000000	0.000000	1.000000	0.000000	0.000000	0.000000	0.398412	-0.916703	-0.030375	-0.012107	0.027858	-0.999539	0.917126	0.398596	0.000000	0.073308	-0.002228	0.168751	0.944607	0.326796	0.030375	-0.028706	-0.009931	0.999539	0.326947	-0.945043	-0.000000	0.234654	-0.007131	0.017198	0.944497	-0.033618	0.326796	-0.032137	-0.999434	-0.009931	0.326945	-0.001122	-0.945043	0.234654	-0.007131	0.017198	0.950238	0.309705	0.033618	-0.032311	-0.009350	0.999434	0.309844	-0.950787	0.001122	0.252617	-0.007673	-0.037947	0.950238	-0.033618	0.309705	-0.032311	-0.999434	-0.009350	0.309844	-0.001122	-0.950787	
0.200000	0.000000	0.000000	0.000000	1.000000	-0.000429	0.000000	0.000429	1.000000	0.000000	0.000000	0.000000	1.000000	0.000000	0.000000	0.000000	0.390869	-0.920446	0.000429	0.000168	-0.000395	-1.000000	0.920446	0.390869	0.000000	0.071920	0.000031	0.169362	0.936342	0.351090	-0.000429	0.000401	0.000151	1.000000	0.351090	-0.936342	-0.000000	0.237177	0.000102	0.022001	0.936337	-0.002969	0.351090	-0.003228	-0.999995	0.000151	0.351088	-0.001274	-0.936342	0.237177	0.000102	0.022001	0.940610	0.339476	0.002969	-0.003226	0.000190	0.999995	0.339474	-0.940615	0.001274	0.256866	0.000113	-0.032554	0.940610	-0.002969	0.339476	-0.003226	-0.999995	0.000190	0.339474	-0.001274	-0.940615	
0.210000	0.000000	0.000000	0.000000	0.999532	-0.030587	0.000000	0.030587	0.999532	0.000000	0.000000	0.000000	1.000000	0.000000	0.000000	0.000000	0.384622	-0.922567	0.030587	0.011770	-0.028231	-0.999532	0.922999	0.384802	0.000000	0.070770	0.002166	0.169832	0.926491	0.375071	-0.030587	0.028351	0.011477	0.999532	0.375246	-0.926925	-0.000000	0.239713	0.007335	0.026805	0.926600	0.027104	0.375071	0.024594	-0.999632	0.011477	0.375244	-0.001410	-0.926925	0.239713	0.007335	0.026805	0.928626	0.370025	-0.027104	0.024656	0.011344	0.999632	0.370196	-0.928952	0.001410	0.261174	0.007993	-0.027074	0.928626	0.027104	0.370025	0.024656	-0.999632	0.011344	0.370196	-0.001410	-0.928952	
0.220000	0.000000	0.000000	0.000000	0.998202	-0.059941	0.000000	0.059941	0.998202	0.000000	0.000000	0.000000	1.000000	0.000000	0.000000	0.000000	0.379830	-0.923112	0.059941	0.022808	-0.055432	-0.998202	0.924775	0.380514	0.000000	0.069889	0.004197	0.170159	0.915181	0.398561	-0.059941	0.054956	0.023933	0.998202	0.399279	-0.916830	-0.000000	0.242270	0.014548	0.031586	0.915403	0.056451	0.398561	0.051149	-0.998404	0.023933	0.399276	-0.001522	-0.916830	0.242270	0.014548	0.031586	0.914296	0.401093	-0.056451	0.051083	0.024075	0.998404	0.401812	-0.915721	0.001522	0.265534	0.015944	-0.021526	0.914296	0.056451	0.401093	0.051083	-0.998404	0.024075	0.401812	-0.001522	-0.915721	
0.230000	0.000000	0.000000	0.000000	0.996088	-0.088362	0.000000	0.088362	0.996088	0.000000	0.000000	0.000000	1.000000	0.000000	0.000000	0.000000	0.376612	-0.922147	0.088362	0.033409	-0.081803	-0.996088	0.925769	0.378091	0.000000	0.069297	0.006147	0.170341	0.902553	0.421415	-0.088362	0.080065	0.037383	0.996088	0.423069	-0.906097	-0.000000	0.244857	0.021721	0.036323	0.902881	0.084944	0.421415	0.076292	-0.996384	0.037383	0.423066	-0.001602	-0.906097	0.244857	0.021721	0.036323	0.897662	0.432421	-0.084944	0.075829	0.038313	0.996384	0.434113	-0.900857	0.001602	0.269937	0.023943	-0.015927	0.897662	0.084944	0.432421	0.075829	-0.996384	0.038313	0.434113	-0.001602	-0.900857	
0.240000	0.000000	0.000000	0.000000	0.993279	-0.115746	0.000000	0.115746	0.993279	0.000000	0.000000	0.000000	1.000000	0.000000	0.000000	0.000000	0.375042	-0.919753	0.115746	0.043703	-0.107178	-0.993279	0.925977	0.377580	0.000000	0.069008	0.008041	0.170380	0.888761	0.443517	-0.115746	0.103566	0.051682	0.993279	0.446518	-0.894775	-0.000000	0.247479	0.028838	0.040995	0.889180	0.112477	0.443517	0.099913	-0.993653	0.051682	0.446515	-0.001642	-0.894775	0.247479	0.028838	0.040995	0.878794	0.463757	-0.112477	0.098704	0.053956	0.993653	0.466883	-0.884318	0.001642	0.274377	0.031968	-0.010295	0.878794	0.112477	0.463757	0.098704	-0.993653	0.053956	0.466883	-0.001642	-0.884318	
0.250000	0.000000	0.000000	0.000000	0.989865	-0.142013	0.000000	0.142013	0.989865	0.000000	0.000000	0.000000	1.000000	0.000000	0.000000	0.000000	0.375155	-0.916019	0.142013	0.053823	-0.131419	-0.989865	0.925398	0.378997	0.000000	0.069029	0.009903	0.170273	0.873961	0.464784	-0.142013	0.125385	0.066681	0.989865	0.469543	-0.882910	-0.000000	0.250144	0.035888	0.045586	0.874450	0.138968	0.464784	0.121936	-0.990295	0.066681	0.469540	-0.001635	-0.882910	0.250144	0.035888	0.045586	0.857789	0.494860	-0.138968	0.119548	0.070874	0.990295	0.499906	-0.866078	0.001635	0.278846	0.039998	-0.004647	0.857789	0.138968	0.494860	0.119548	-0.990295	0.070874	0.499906	-0.001635	-0.866078	
0.260000	0.000000	0.000000	0.000000	0.985938	-0.167110	0.000000	0.167110	0.985938	0.000000	0.000000	0.000000	1.000000	0.000000	0.000000	0.000000	0.376947	-0.911035	0.167110	0.063890	-0.154414	-0.985938	0.924029	0.382323	0.000000	0.069358	0.011756	0.170021	0.858307	0.485163	-0.167110	0.145477	0.082232	0.985938	0.492082	-0.870549	-0.000000	0.252856	0.042857	0.050078	0.858839	0.164356	0.485163	0.142314	-0.986400	0.082232	0.492080	-0.001578	-0.870549	0.252856	0.042857	0.050078	0.834764	0.525505	-0.164356	0.138237	0.088915	0.986400	0.532972	-0.846132	0.001578	0.283335	0.048014	0.001003	0.834764	0.164356	0.525505	0.138237	-0.986400	0.088915	0.532972	-0.001578	-0.846132	
0.270000	0.000000	0.000000	0.000000	0.981590	-0.191002	0.000000	0.191002	0.981590	0.000000	0.000000	0.000000	1.000000	0.000000	0.000000	0.000000	0.380377	-0.904893	0.191002	0.074015	-0.176078	-0.981590	0.921865	0.387511	0.000000	0.069989	0.013619	0.169623	0.841946	0.504624	-0.191002	0.163829	0.098192	0.981590	0.514088	-0.857737	-0.000000	0.255616	0.049739	0.054458	0.842488	0.188598	0.504624	0.161027	-0.982053	0.098192	0.514086	-0.001467	-0.857737	0.255616	0.049739	0.054458	0.809853	0.555490	-0.188598	0.154683	0.107911	0.982053	0.565873	-0.824491	0.001467	0.287835	0.055998	0.006637	0.809853	0.188598	0.555490	0.154683	-0.982053	0.107911	0.565873	-0.001467	-0.824491	
0.280000	0.000000	0.000000	0.000000	0.976905	-0.213673	0.000000	0.213673	0.976905	0.000000	0.000000	0.000000	1.000000	0.000000	0.000000	0.000000	0.385380	-0.897678	0.213673	0.084292	-0.196344	-0.976905	0.918900	0.394491	0.000000	0.070910	0.015510	0.169078	0.825013	0.523161	-0.213673	0.180450	0.114428	0.976905	0.535529	-0.844517	-0.000000	0.258426	0.056524	0.058712	0.825529	0.211669	0.523161	0.178078	-0.977341	0.114428	0.535528	-0.001300	-0.844517	0.258426	0.056524	0.058712	0.783199	0.584632	-0.211669	0.168827	0.127684	0.977341	0.598411	-0.801188	0.001300	0.292335	0.063930	0.012243	0.783199	0.211669	0.584632	0.168827	-0.977341	0.127684	0.598411	-0.001300	-0.801188	
0.290000	0.000000	0.000000	0.000000	0.971966	-0.235123	0.000000	0.235123	0.971966	0.000000	0.000000	0.000000	1.000000	0.000000	0.000000	0.000000	0.391865	-0.889471	0.235123	0.094794	-0.215168	-0.971966	0.915126	0.403167	0.000000	0.072103	0.017442	0.168383	0.807631	0.540786	-0.235123	0.195370	0.130819	0.971966	0.556384	-0.830925	-0.000000	0.261283	0.063206	0.062829	0.808085	0.233558	0.540786	0.193487	-0.972342	0.130819	0.556383	-0.001078	-0.830925	0.261283	0.063206	0.062829	0.754957	0.612772	-0.233558	0.180643	0.148050	0.972342	0.630403	-0.776268	0.001078	0.296824	0.071793	0.017806	0.754957	0.233558	0.612772	0.180643	-0.972342	0.148050	0.630403	-0.001078	-0.776268	
0.300000	0.000000	0.000000	0.000000	0.966845	-0.255365	0.000000	0.255365	0.966845	0.000000	0.000000	0.000000	1.000000	0.000000	0.000000	0.000000	0.399722	-0.880347	0.255365	0.105576	-0.232519	-0.966845	0.910536	0.413430	0.000000	0.073549	0.019426	0.167539	0.789909	0.557523	-0.255365	0.208633	0.147254	0.966845	0.576642	-0.816997	-0.000000	0.264184	0.069777	0.066801	0.790263	0.254268	0.557523	0.207289	-0.967134	0.147254	0.576642	-0.000801	-0.816997	0.264184	0.069777	0.066801	0.725285	0.639773	-0.254268	0.190136	0.168823	0.967134	0.661672	-0.749793	0.000801	0.301291	0.079569	0.023313	0.725285	0.254268	0.639773	0.190136	-0.967134	0.168823	0.661672	-0.000801	-0.749793	
0.310000	0.000000	0.000000	0.000000	0.961610	-0.274421	0.000000	0.274421	0.961610	0.000000	0.000000	0.000000	1.000000	0.000000	0.000000	0.000000	0.408830	-0.870374	0.274421	0.116671	-0.248385	-0.961610	0.905122	0.425152	0.000000	0.075225	0.021467	0.166542	0.771944	0.573407	-0.274421	0.220295	0.163637	0.961610	0.596299	-0.802762	-0.000000	0.267123	0.076231	0.070620	0.772161	0.273810	0.573407	0.219533	-0.961784	0.163637	0.596299	-0.000472	-0.802762	0.267123	0.076231	0.070620	0.694345	0.665517	-0.273810	0.197333	0.189820	0.961784	0.692058	-0.721842	0.000472	0.305723	0.087240	0.028753	0.694345	0.273810	0.665517	0.197333	-0.961784	0.189820	0.692058	-0.000472	-0.721842	
0.320000	0.000000	0.000000	0.000000	0.956320	-0.292322	0.000000	0.292322	0.956320	0.000000	0.000000	0.000000	1.000000	0.000000	0.000000	0.000000	0.419057	-0.859616	0.292322	0.128095	-0.262762	-0.956320	0.898879	0.438197	0.000000	0.077106	0.023569	0.165394	0.753818	0.588478	-0.292322	0.230422	0.179882	0.956320	0.615356	-0.788249	-0.000000	0.270091	0.082560	0.074279	0.753864	0.292204	0.588478	0.230274	-0.956356	0.179882	0.615356	-0.000096	-0.788249	0.270091	0.082560	0.074279	0.662301	0.689909	-0.292204	0.202287	0.210864	0.956356	0.721414	-0.692504	0.000096	0.310106	0.094790	0.034113	0.662301	0.292204	0.689909	0.202287	-0.956356	0.210864	0.721414	-0.000096	-0.692504	
0.330000	0.000000	0.000000	0.000000	0.951029	-0.309102	0.000000	0.309102	0.951029	0.000000	0.000000	0.000000	1.000000	0.000000	0.000000	0.000000	0.430264	-0.848132	0.309102	0.139844	-0.275659	-0.951029	0.891805	0.452420	0.000000	0.079169	0.025731	0.164092	0.735604	0.602779	-0.309102	0.239085	0.195914	0.951029	0.633817	-0.773483	-0.000000	0.273080	0.088756	0.077773	0.735446	0.309479	0.602779	0.239572	-0.950906	0.195914	0.633817	0.000325	-0.773483	0.273080	0.088756	0.077773	0.629316	0.712870	-0.309479	0.205071	0.231783	0.950906	0.749604	-0.661886	-0.000325	0.314427	0.102200	0.039383	0.629316	0.309479	0.712870	0.205071	-0.950906	0.231783	0.749604	0.000325	-0.661886	
0.340000	0.000000	0.000000	0.000000	0.945782	-0.324803	0.000000	0.324803	0.945782	0.000000	0.000000	0.000000	1.000000	0.000000	0.000000	0.000000	0.442309	-0.835982	0.324803	0.151899	-0.287095	-0.945782	0.883906	0.467665	0.000000	0.081385	0.027949	0.162639	0.717364	0.616354	-0.324803	0.246359	0.211670	0.945782	0.651688	-0.758488	-0.000000	0.276079	0.094812	0.081099	0.716973	0.325665	0.616354	0.247496	-0.945485	0.211670	0.651687	0.000783	-0.758488	0.276079	0.094812	0.081099	0.595557	0.734339	-0.325665	0.205779	0.252416	0.945485	0.776509	-0.630105	-0.000783	0.318670	0.109452	0.044553	0.595557	0.325665	0.734339	0.205779	-0.945485	0.252416	0.776509	0.000783	-0.630105	
0.350000	0.000000	0.000000	0.000000	0.940618	-0.339466	0.000000	0.339466	0.940618	0.000000	0.000000	0.000000	1.000000	0.000000	0.000000	0.000000	0.455049	-0.823221	0.339466	0.164226	-0.297098	-0.940618	0.875192	0.483776	0.000000	0.083729	0.030218	0.161035	0.699150	0.629247	-0.339466	0.252321	0.227093	0.940618	0.668972	-0.743287	-0.000000	0.279074	0.100717	0.084255	0.698502	0.340798	0.629247	0.254113	-0.940136	0.227093	0.668971	0.001275	-0.743287	0.279074	0.100717	0.084255	0.561190	0.754270	-0.340798	0.204518	0.272612	0.940136	0.802021	-0.597294	-0.001275	0.322822	0.116528	0.049612	0.561190	0.340798	0.754270	0.204518	-0.940136	0.272612	0.802021	0.001275	-0.597294	
0.360000	0.000000	0.000000	0.000000	0.935573	-0.353134	0.000000	0.353134	0.935573	0.000000	0.000000	0.000000	1.000000	0.000000	0.000000	0.000000	0.468338	-0.809911	0.353134	0.176775	-0.305703	-0.935573	0.865685	0.500590	0.000000	0.086174	0.032527	0.159286	0.681010	0.641499	-0.353134	0.257049	0.242135	0.935573	0.685675	-0.727907	-0.000000	0.282052	0.106461	0.087241	0.680085	0.354914	0.641499	0.259494	-0.934897	0.242135	0.685673	0.001793	-0.727907	0.282052	0.106461	0.087241	0.526383	0.772630	-0.354914	0.201414	0.292232	0.934897	0.826047	-0.563599	-0.001793	0.326865	0.123411	0.054552	0.526383	0.354914	0.772630	0.201414	-0.934897	0.292232	0.826047	0.001793	-0.563599	
0.370000	0.000000	0.000000	0.000000	0.930674	-0.365851	0.000000	0.365851	0.930674	0.000000	0.000000	0.000000	1.000000	0.000000	0.000000	0.000000	0.482032	-0.796115	0.365851	0.189488	-0.312955	-0.930674	0.855418	0.517938	0.000000	0.088694	0.034866	0.157397	0.662988	0.653146	-0.365851	0.260623	0.256754	0.930674	0.701799	-0.712375	-0.000000	0.284998	0.112034	0.090057	0.661770	0.368051	0.653146	0.263712	-0.929803	0.256754	0.701795	0.002331	-0.712375	0.284998	0.112034	0.090057	0.491307	0.789402	-0.368051	0.196605	0.311148	0.929803	0.848507	-0.529180	-0.002331	0.330784	0.130080	0.059364	0.491307	0.368051	0.789402	0.196605	-0.929803	0.311148	0.848507	0.002331	-0.529180	
0.380000	0.000000	0.000000	0.000000	0.925946	-0.377657	0.000000	0.377657	0.925946	0.000000	0.000000	0.000000	1.000000	0.000000	0.000000	0.000000	0.495985	-0.781904	0.377657	0.202293	-0.318908	-0.925946	0.844439	0.535652	0.000000	0.091261	0.037222	0.155377	0.645125	0.664220	-0.377657	0.263121	0.270909	0.925946	0.717343	-0.696721	-0.000000	0.287896	0.117422	0.092706	0.643602	0.380247	0.664220	0.266841	-0.924881	0.270909	0.717337	0.002883	-0.696721	0.287896	0.117422	0.092706	0.456140	0.804580	-0.380247	0.190243	0.329247	0.924881	0.869336	-0.494214	-0.002883	0.334562	0.136518	0.064041	0.456140	0.380247	0.804580	0.190243	-0.924881	0.329247	0.869336	0.002883	-0.494214	
0.390000	0.000000	0.000000	0.000000	0.921409	-0.388594	0.000000	0.388594	0.921409	0.000000	0.000000	0.000000	1.000000	0.000000	0.000000	0.000000	0.510052	-0.767360	0.388594	0.215109	-0.323626	-0.921409	0.832811	0.553557	0.000000	0.093850	0.039580	0.153237	0.627462	0.674749	-0.388594	0.264625	0.284568	0.921409	0.732301	-0.680981	-0.000000	0.290729	0.122612	0.095192	0.625629	0.391540	0.674749	0.268954	-0.920155	0.284568	0.732293	0.003442	-0.680981	0.290729	0.122612	0.095192	0.421062	0.818171	-0.391540	0.182492	0.346427	0.920155	0.888484	-0.458895	-0.003442	0.338183	0.142705	0.068576	0.421062	0.391540	0.818171	0.182492	-0.920155	0.346427	0.888484	0.003442	-0.458895	
0.400000	0.000000	0.000000	0.000000	0.917081	-0.398701	0.000000	0.398701	0.917081	0.000000	0.000000	0.000000	1.000000	0.000000	0.000000	0.000000	0.524088	-0.752576	0.398701	0.227847	-0.327182	-0.917081	0.820621	0.571473	0.000000	0.096432	0.041924	0.150994	0.610042	0.684753	-0.398701	0.265216	0.297696	0.917081	0.746665	-0.665200	-0.000000	0.293478	0.127590	0.097522	0.607896	0.401965	0.684753	0.270128	-0.915646	0.297696	0.746655	0.004003	-0.665200	0.293478	0.127590	0.097522	0.386266	0.830194	-0.401965	0.173530	0.362601	0.915646	0.905917	-0.423436	-0.004003	0.341629	0.148620	0.072962	0.386266	0.401965	0.830194	0.173530	-0.915646	0.362601	0.905917	0.004003	-0.423436	
0.410000	0.000000	0.000000	0.000000	0.912976	-0.408013	0.000000	0.408013	0.912976	0.000000	0.000000	0.000000	1.000000	0.000000	0.000000	0.000000	0.537943	-0.737661	0.408013	0.240409	-0.329663	-0.912976	0.807974	0.589219	0.000000	0.098981	0.044235	0.148667	0.592913	0.694247	-0.408013	0.264975	0.310262	0.912976	0.760422	-0.649429	-0.000000	0.296124	0.132339	0.099702	0.590457	0.411559	0.694247	0.270442	-0.911372	0.310262	0.760408	0.004557	-0.649429	0.296124	0.132339	0.099702	0.351954	0.840683	-0.411559	0.163545	0.377696	0.911372	0.921619	-0.388070	-0.004557	0.344884	0.154245	0.077194	0.351954	0.411559	0.840683	0.163545	-0.911372	0.377696	0.921619	0.004557	-0.388070	
0.420000	0.000000	0.000000	0.000000	0.909107	-0.416563	0.000000	0.416563	0.909107	0.000000	0.000000	0.000000	1.000000	0.000000	0.000000	0.000000	0.551466	-0.722745	0.416563	0.252688	-0.331170	-0.909107	0.795006	0.606602	0.000000	0.101470	0.046495	0.146281	0.576131	0.703241	-0.416563	0.263990	0.322233	0.909107	0.773552	-0.633733	-0.000000	0.298646	0.136843	0.101745	0.573372	0.420353	0.703241	0.269979	-0.907346	0.322233	0.773535	0.005101	-0.633733	0.298646	0.136843	0.101745	0.318342	0.849683	-0.420353	0.152740	0.391654	0.907346	0.935590	-0.353051	-0.005101	0.347928	0.159559	0.081268	0.318342	0.420353	0.849683	0.152740	-0.907346	0.391654	0.935590	0.005101	-0.353051	
0.430000	0.000000	0.000000	0.000000	0.905483	-0.424382	0.000000	0.424382	0.905483	0.000000	0.000000	0.000000	1.000000	0.000000	0.000000	0.000000	0.564500	-0.707983	0.424382	0.264570	-0.331817	-0.905483	0.781884	0.623424	0.000000	0.103868	0.048681	0.143867	0.559760	0.711736	-0.424382	0.262348	0.333577	0.905483	0.786029	-0.618189	-0.000000	0.301024	0.141084	0.103662	0.556708	0.428378	0.711736	0.268823	-0.903582	0.333577	0.786009	0.005627	-0.618189	0.301024	0.141084	0.103662	0.285662	0.857257	-0.428378	0.141331	0.404431	0.903582	0.947852	-0.318662	-0.005627	0.350745	0.164541	0.085180	0.285662	0.428378	0.857257	0.141331	-0.903582	0.404431	0.947852	0.005627	-0.318662	
0.440000	0.000000	0.000000	0.000000	0.902115	-0.431497	0.000000	0.431497	0.902115	0.000000	0.000000	0.000000	1.000000	0.000000	0.000000	0.000000	0.576883	-0.693554	0.431497	0.275933	-0.331738	-0.902115	0.768809	0.639479	0.000000	0.106146	0.050772	0.141461	0.543878	0.719727	-0.431497	0.260146	0.344257	0.902115	0.797822	-0.602893	-0.000000	0.303232	0.145041	0.105470	0.540547	0.435662	0.719727	0.267069	-0.900089	0.344257	0.797799	0.006130	-0.602893	0.303232	0.145041	0.105470	0.254164	0.863481	-0.435662	0.129548	0.416001	0.900089	0.958446	-0.285210	-0.006130	0.353314	0.169169	0.088927	0.254164	0.435662	0.863481	0.129548	-0.900089	0.416001	0.958446	0.006130	-0.285210	
0.450000	0.000000	0.000000	0.000000	0.899009	-0.437930	0.000000	0.437930	0.899009	0.000000	0.000000	0.000000	1.000000	0.000000	0.000000	0.000000	0.588442	-0.679672	0.437930	0.286645	-0.331086	-0.899009	0.756023	0.654545	0.000000	0.108273	0.052743	0.139108	0.528579	0.727201	-0.437930	0.257484	0.354238	0.899009	0.808892	-0.587957	-0.000000	0.305248	0.148694	0.107185	0.524985	0.442232	0.727201	0.264816	-0.896876	0.354238	0.808865	0.006605	-0.587957	0.305248	0.148694	0.107185	0.224121	0.868447	-0.442232	0.117634	0.426351	0.896876	0.967436	-0.253031	-0.006605	0.355618	0.173423	0.092509	0.224121	0.442232	0.868447	0.117634	-0.896876	0.426351	0.967436	0.006605	-0.253031	
0.460000	0.000000	0.000000	0.000000	0.896174	-0.443704	0.000000	0.443704	0.896174	0.000000	0.000000	0.000000	1.000000	0.000000	0.000000	0.000000	0.598993	-0.666584	0.443704	0.296567	-0.330032	-0.896174	0.743812	0.668389	0.000000	0.110215	0.054568	0.136861	0.513973	0.734138	-0.443704	0.254473	0.363478	0.896174	0.819192	-0.573519	-0.000000	0.307045	0.152021	0.108828	0.510137	0.448109	0.734138	0.262173	-0.893951	0.363478	0.819162	0.007048	-0.573519	0.307045	0.152021	0.108828	0.195828	0.872267	-0.448109	0.105848	0.435485	0.893951	0.974909	-0.222492	-0.007048	0.357636	0.177279	0.095924	0.195828	0.448109	0.872267	0.105848	-0.893951	0.435485	0.974909	0.007048	-0.222492	
0.470000	0.000000	0.000000	0.000000	0.893616	-0.448832	0.000000	0.448832	0.893616	0.000000	0.000000	0.000000	1.000000	0.000000	0.000000	0.000000	0.608341	-0.654577	0.448832	0.305549	-0.328771	-0.893616	0.732503	0.680764	0.000000	0.111935	0.056221	0.134781	0.500192	0.740512	-0.448832	0.251229	0.371933	0.893616	0.828669	-0.559739	-0.000000	0.308595	0.154997	0.110425	0.496134	0.453314	0.740512	0.259257	-0.891320	0.371933	0.828635	0.007454	-0.559739	0.308595	0.154997	0.110425	0.169602	0.875067	-0.453314	0.094461	0.443425	0.891320	0.980975	-0.193990	-0.007454	0.359349	0.180715	0.099173	0.169602	0.453314	0.875067	0.094461	-0.891320	0.443425	0.980975	0.007454	-0.193990	
0.480000	0.000000	0.000000	0.000000	0.891343	-0.453329	0.000000	0.453329	0.891343	0.000000	0.000000	0.000000	1.000000	0.000000	0.000000	0.000000	0.616276	-0.643969	0.453329	0.313433	-0.327517	-0.891343	0.722470	0.691402	0.000000	0.113395	0.057672	0.132935	0.487389	0.746287	-0.453329	0.247882	0.379555	0.891343	0.837262	-0.546803	-0.000000	0.309868	0.157596	0.111999	0.483132	0.457863	0.746287	0.256198	-0.888989	0.379555	0.837225	0.007822	-0.546803	0.309868	0.157596	0.111999	0.145783	0.876989	-0.457863	0.083757	0.450205	0.888989	0.985765	-0.167949	-0.007822	0.360734	0.183708	0.102258	0.145783	0.457863	0.876989	0.083757	-0.888989	0.450205	0.985765	0.007822	-0.167949	
0.490000	0.000000	0.000000	0.000000	0.889362	-0.457203	0.000000	0.457203	0.889362	0.000000	0.000000	0.000000	1.000000	0.000000	0.000000	0.000000	0.622574	-0.635112	0.457203	0.320052	-0.326498	-0.889362	0.714121	0.700022	0.000000	0.114554	0.058890	0.131398	0.475734	0.751427	-0.457203	0.244565	0.386293	0.889362	0.844905	-0.534916	-0.000000	0.310834	0.159793	0.113580	0.471304	0.461769	0.751427	0.253130	-0.886963	0.386293	0.844866	0.008147	-0.534916	0.310834	0.159793	0.113580	0.124730	0.878187	-0.461769	0.074025	0.455870	0.886963	0.989425	-0.144813	-0.008147	0.361769	0.186234	0.105181	0.124730	0.461769	0.878187	0.074025	-0.886963	0.455870	0.989425	0.008147	-0.144813	
0.500000	0.000000	0.000000	0.000000	0.887682	-0.460457	0.000000	0.460457	0.887682	0.000000	0.000000	0.000000	1.000000	0.000000	0.000000	0.000000	0.626995	-0.628376	0.460457	0.325234	-0.325951	-0.887682	0.707884	0.706328	0.000000	0.115367	0.059843	0.130251	0.465416	0.755888	-0.460457	0.241420	0.392094	0.887682	0.851531	-0.524305	-0.000000	0.311459	0.161560	0.115195	0.460834	0.465042	0.755888	0.250196	-0.885248	0.392094	0.851489	0.008430	-0.524305	0.311459	0.161560	0.115195	0.106807	0.878822	-0.465042	0.065556	0.460476	0.885248	0.992116	-0.125037	-0.008430	0.362431	0.188267	0.107943	0.106807	0.465042	0.878822	0.065556	-0.885248	0.460476	0.992116	0.008430	-0.125037	
0.510000	0.000000	0.000000	0.000000	0.886297	-0.463118	0.000000	0.463118	0.886297	0.000000	0.000000	0.000000	1.000000	0.000000	0.000000	0.000000	0.629378	-0.624024	0.463118	0.328869	-0.326072	-0.886297	0.704080	0.710120	0.000000	0.115805	0.060512	0.129551	0.456559	0.759655	-0.463118	0.238566	0.396943	0.886297	0.857112	-0.515131	-0.000000	0.311723	0.162885	0.116868	0.451851	0.467712	0.759655	0.247519	-0.883838	0.396943	0.857068	0.008670	-0.515131	0.311723	0.162885	0.116868	0.092234	0.879055	-0.467712	0.058560	0.464113	0.883838	0.994014	-0.108909	-0.008670	0.362709	0.189804	0.110551	0.092234	0.467712	0.879055	0.058560	-0.883838	0.464113	0.994014	0.008670	-0.108909	
0.520000	0.000000	0.000000	0.000000	0.885191	-0.465228	0.000000	0.465228	0.885191	0.000000	0.000000	0.000000	1.000000	0.000000	0.000000	0.000000	0.629653	-0.622174	0.465228	0.330925	-0.326994	-0.885191	0.702869	0.711319	0.000000	0.115856	0.060890	0.129328	0.449211	0.762740	-0.465228	0.236091	0.400872	0.885191	0.861667	-0.507474	-0.000000	0.311622	0.163778	0.118615	0.444397	0.469828	0.762740	0.245192	-0.882713	0.400872	0.861622	0.008872	-0.507474	0.311622	0.163778	0.118615	0.081060	0.879028	-0.469828	0.053148	0.466897	0.882713	0.995291	-0.096523	-0.008872	0.362606	0.190859	0.113016	0.081060	0.469828	0.879028	0.053148	-0.882713	0.466897	0.995291	0.008872	-0.096523	
0.530000	0.000000	0.000000	0.000000	0.884349	-0.466827	0.000000	0.466827	0.884349	0.000000	0.000000	0.000000	1.000000	0.000000	0.000000	0.000000	0.627772	-0.622876	0.466827	0.331386	-0.328802	-0.884349	0.704333	0.709869	0.000000	0.115510	0.060975	0.129597	0.443391	0.765165	-0.466827	0.234056	0.403913	0.884349	0.865230	-0.501376	-0.000000	0.311152	0.164250	0.120446	0.438491	0.471432	0.765165	0.243279	-0.881856	0.403913	0.865183	0.009037	-0.501376	0.311152	0.164250	0.120446	0.073280	0.878852	-0.471432	0.049382	0.468926	0.881856	0.996088	-0.087903	-0.009037	0.362125	0.191447	0.115348	0.073280	0.471432	0.878852	0.049382	-0.881856	0.468926	0.996088	0.009037	-0.087903	
0.540000	0.000000	0.000000	0.000000	0.883756	-0.467948	0.000000	0.467948	0.883756	0.000000	0.000000	0.000000	1.000000	0.000000	0.000000	0.000000	0.623708	-0.626109	0.467948	0.330253	-0.331524	-0.883756	0.708464	0.705747	0.000000	0.114762	0.060767	0.130357	0.439081	0.766963	-0.467948	0.232493	0.406106	0.883756	0.867845	-0.496835	-0.000000	0.310312	0.164310	0.122366	0.434113	0.472561	0.766963	0.241817	-0.881250	0.406106	0.867796	0.009169	-0.496835	0.310312	0.164310	0.122366	0.068836	0.878606	-0.472561	0.047280	0.470279	0.881250	0.996507	-0.083005	-0.009169	0.361272	0.191586	0.117551	0.068836	0.472561	0.878606	0.047280	-0.881250	0.470279	0.996507	0.009169	-0.083005	
0.550000	0.000000	0.000000	0.000000	0.883400	-0.468620	0.000000	0.468620	0.883400	0.000000	0.000000	0.000000	1.000000	0.000000	0.000000	0.000000	0.617463	-0.631771	0.468620	0.327548	-0.335138	-0.883400	0.715159	0.698962	0.000000	0.113613	0.060269	0.131589	0.436229	0.768180	-0.468620	0.231408	0.407499	0.883400	0.869572	-0.493806	-0.000000	0.309108	0.163974	0.124369	0.431209	0.473243	0.768180	0.240811	-0.880883	0.407499	0.869522	0.009269	-0.493806	0.309108	0.163974	0.124369	0.067613	0.878333	-0.473243	0.046811	0.471014	0.880883	0.996613	-0.081712	-0.009269	0.360051	0.191292	0.119630	0.067613	0.473243	0.878333	0.046811	-0.880883	0.471014	0.996613	0.009269	-0.081712	
0.560000	0.000000	0.000000	0.000000	0.883268	-0.468869	0.000000	0.468869	0.883268	0.000000	0.000000	0.000000	1.000000	0.000000	0.000000	0.000000	0.609064	-0.639690	0.468869	0.323312	-0.339569	-0.883268	0.724231	0.689557	0.000000	0.112068	0.059489	0.133259	0.434743	0.768870	-0.468869	0.230777	0.408142	0.883268	0.870483	-0.492199	-0.000000	0.307545	0.163255	0.126447	0.429688	0.473506	0.768870	0.240240	-0.880741	0.408142	0.870433	0.009339	-0.492199	0.307545	0.163255	0.126447	0.069445	0.878049	-0.473506	0.047901	0.471169	0.880741	0.996435	-0.083844	-0.009339	0.358472	0.190583	0.121584	0.069445	0.473506	0.878049	0.047901	-0.880741	0.471169	0.996435	0.009339	-0.083844	
0.570000	0.000000	0.000000	0.000000	0.883349	-0.468715	0.000000	0.468715	0.883349	0.000000	0.000000	0.000000	1.000000	0.000000	0.000000	0.000000	0.598564	-0.649636	0.468715	0.317605	-0.344704	-0.883349	0.735423	0.677608	0.000000	0.110136	0.058439	0.135318	0.434507	0.769096	-0.468715	0.230555	0.408091	0.883349	0.870660	-0.491886	-0.000000	0.305633	0.162172	0.128586	0.429432	0.473370	0.769096	0.240059	-0.880814	0.408091	0.870609	0.009381	-0.491886	0.305633	0.162172	0.128586	0.074121	0.877740	-0.473370	0.050442	0.470768	0.880814	0.995973	-0.089164	-0.009381	0.356542	0.189477	0.123415	0.074121	0.473370	0.877740	0.050442	-0.880814	0.470768	0.995973	0.009381	-0.089164	
