# time	B0_r_i(1)	B0_r_i(2)	B0_r_i(3)	0_A_i(1,1)	0_A_i(1,2)	0_A_i(1,3)	0_A_i(2,1)	...
0.000000	0.000000	0.000000	0.000000	0.999997	-0.002359	0.000000	0.002359	0.999997	0.000000	0.000000	0.000000	1.000000	0.000000	0.000000	0.000000	0.999997	-0.000000	0.002359	0.002359	0.000000	-0.999997	0.000000	1.000000	0.000000	0.183999	0.000434	0.000000	0.999997	0.000000	-0.002359	0.002359	-0.000000	0.999997	0.000000	-1.000000	-0.000000	0.286999	0.000677	-0.196000	0.999997	0.002359	0.000000	0.002359	-0.999997	-0.000000	0.000000	0.000000	-1.000000	0.286999	0.000677	-0.196000	0.999997	0.000000	-0.002359	0.002359	-0.000000	0.999997	0.000000	-1.000000	-0.000000	0.286999	0.000677	-0.254000	0.999997	0.002359	0.000000	0.002359	-0.999997	-0.000000	0.000000	0.000000	-1.000000	
0.001000	0.000000	0.000000	0.000000	0.999989	-0.004717	0.000000	0.004717	0.999989	0.000000	0.000000	0.000000	1.000000	0.000000	0.000000	0.000000	0.999989	-0.000000	0.004717	0.004717	0.000000	-0.999989	0.000000	1.000000	0.000000	0.183998	0.000868	0.000000	0.999989	0.000000	-0.004717	0.004717	-0.000000	0.999989	0.000000	-1.000000	-0.000000	0.286997	0.001354	-0.196000	0.999989	0.004717	0.000000	0.004717	-0.999989	-0.000000	0.000000	0.000000	-1.000000	0.286997	0.001354	-0.196000	0.999989	0.000000	-0.004717	0.004717	-0.000000	0.999989	0.000000	-1.000000	-0.000000	0.286997	0.001354	-0.254000	0.999989	0.004717	0.000000	0.004717	-0.999989	-0.000000	0.000000	0.000000	-1.000000	
0.002000	0.000000	0.000000	0.000000	0.999975	-0.007076	0.000000	0.007076	0.999975	0.000000	0.000000	0.000000	1.000000	0.000000	0.000000	0.000000	0.999975	-0.000000	0.007076	0.007076	0.000000	-0.999975	0.000000	1.000000	0.000000	0.183995	0.001302	0.000000	0.999975	0.000000	-0.007076	0.007076	-0.000000	0.999975	0.000000	-1.000000	-0.000000	0.286993	0.002031	-0.196000	0.999975	0.007076	0.000000	0.007076	-0.999975	-0.000000	0.000000	0.000000	-1.000000	0.286993	0.002031	-0.196000	0.999975	0.000000	-0.007076	0.007076	-0.000000	0.999975	0.000000	-1.000000	-0.000000	0.286993	0.002031	-0.254000	0.999975	0.007076	0.000000	0.007076	-0.999975	-0.000000	0.000000	0.000000	-1.000000	
0.003000	0.000000	0.000000	0.000000	0.999955	-0.009434	0.000000	0.009434	0.999955	0.000000	0.000000	0.000000	1.000000	0.000000	0.000000	0.000000	0.999955	-0.000000	0.009434	0.009434	0.000000	-0.999955	0.000000	1.000000	0.000000	0.183992	0.001736	0.000000	0.999955	0.000000	-0.009434	0.009434	-0.000000	0.999955	0.000000	-1.000000	-0.000000	0.286987	0.002708	-0.196000	0.999955	0.009434	0.000000	0.009434	-0.999955	-0.000000	0.000000	0.000000	-1.000000	0.286987	0.002708	-0.196000	0.999955	0.000000	-0.009434	0.009434	-0.000000	0.999955	0.000000	-1.000000	-0.000000	0.286987	0.002708	-0.254000	0.999955	0.009434	0.000000	0.009434	-0.999955	-0.000000	0.000000	0.000000	-1.000000	
0.004000	0.000000	0.000000	0.000000	0.999930	-0.011792	0.000000	0.011792	0.999930	0.000000	0.000000	0.000000	1.000000	0.000000	0.000000	0.000000	0.999930	-0.000000	0.011792	0.011792	0.000000	-0.999930	0.000000	1.000000	0.000000	0.183987	0.002170	0.000000	0.999930	0.000000	-0.011792	0.011792	-0.000000	0.999930	0.000000	-1.000000	-0.000000	0.286980	0.003384	-0.196000	0.999930	0.011792	0.000000	0.011792	-0.999930	-0.000000	0.000000	0.000000	-1.000000	0.286980	0.003384	-0.196000	0.999930	0.000000	-0.011792	0.011792	-0.000000	0.999930	0.000000	-1.000000	-0.000000	0.286980	0.003384	-0.254000	0.999930	0.011792	0.000000	0.011792	-0.999930	-0.000000	0.000000	0.000000	-1.000000	
0.005000	0.000000	0.000000	0.000000	0.999900	-0.014151	0.000000	0.014151	0.999900	0.000000	0.000000	0.000000	1.000000	0.000000	0.000000	0.000000	0.999900	-0.000000	0.014151	0.014151	0.000000	-0.999900	0.000000	1.000000	0.000000	0.183982	0.002604	0.000000	0.999900	0.000000	-0.014151	0.014151	-0.000000	0.999900	0.000000	-1.000000	-0.000000	0.286971	0.004061	-0.196000	0.999900	0.014151	0.000000	0.014151	-0.999900	-0.000000	0.000000	0.000000	-1.000000	0.286971	0.004061	-0.196000	0.999900	0.000000	-0.014151	0.014151	-0.000000	0.999900	0.000000	-1.000000	-0.000000	0.286971	0.004061	-0.254000	0.999900	0.014151	0.000000	0.014151	-0.999900	-0.000000	0.000000	0.000000	-1.000000	
0.006000	0.000000	0.000000	0.000000	0.999864	-0.016509	0.000000	0.016509	0.999864	0.000000	0.000000	0.000000	1.000000	0.000000	0.000000	0.000000	0.999864	-0.000000	0.016509	0.016509	0.000000	-0.999864	0.000000	1.000000	0.000000	0.183975	0.003038	0.000000	0.999864	0.000000	-0.016509	0.016509	-0.000000	0.999864	0.000000	-1.000000	-0.000000	0.286961	0.004738	-0.196000	0.999864	0.016509	0.000000	0.016509	-0.999864	-0.000000	0.000000	0.000000	-1.000000	0.286961	0.004738	-0.196000	0.999864	0.000000	-0.016509	0.016509	-0.000000	0.999864	0.000000	-1.000000	-0.000000	0.286961	0.004738	-0.254000	0.999864	0.016509	0.000000	0.016509	-0.999864	-0.000000	0.000000	0.000000	-1.000000	
0.007000	0.000000	0.000000	0.000000	0.999822	-0.018867	0.000000	0.018867	0.999822	0.000000	0.000000	0.000000	1.000000	0.000000	0.000000	0.000000	0.999822	-0.000000	0.018867	0.018867	0.000000	-0.999822	0.000000	1.000000	0.000000	0.183967	0.003472	0.000000	0.999822	0.000000	-0.018867	0.018867	-0.000000	0.999822	0.000000	-1.000000	-0.000000	0.286949	0.005415	-0.196000	0.999822	0.018867	0.000000	0.018867	-0.999822	-0.000000	0.000000	0.000000	-1.000000	0.286949	0.005415	-0.196000	0.999822	0.000000	-0.018867	0.018867	-0.000000	0.999822	0.000000	-1.000000	-0.000000	0.286949	0.005415	-0.254000	0.999822	0.018867	0.000000	0.018867	-0.999822	-0.000000	0.000000	0.000000	-1.000000	
0.008000	0.000000	0.000000	0.000000	0.999775	-0.021225	0.000000	0.021225	0.999775	0.000000	0.000000	0.000000	1.000000	0.000000	0.000000	0.000000	0.999775	-0.000000	0.021225	0.021225	0.000000	-0.999775	0.000000	1.000000	0.000000	0.183959	0.003905	0.000000	0.999775	0.000000	-0.021225	0.021225	-0.000000	0.999775	0.000000	-1.000000	-0.000000	0.286935	0.006092	-0.196000	0.999775	0.021225	0.000000	0.021225	-0.999775	-0.000000	0.000000	0.000000	-1.000000	0.286935	0.006092	-0.196000	0.999775	0.000000	-0.021225	0.021225	-0.000000	0.999775	0.000000	-1.000000	-0.000000	0.286935	0.006092	-0.254000	0.999775	0.021225	0.000000	0.021225	-0.999775	-0.000000	0.000000	0.000000	-1.000000	
0.009000	0.000000	0.000000	0.000000	0.999722	-0.023583	0.000000	0.023583	0.999722	0.000000	0.000000	0.000000	1.000000	0.000000	0.000000	0.000000	0.999722	-0.000000	0.023583	0.023583	0.000000	-0.999722	0.000000	1.000000	0.000000	0.183949	0.004339	0.000000	0.999722	0.000000	-0.023583	0.023583	-0.000000	0.999722	0.000000	-1.000000	-0.000000	0.286920	0.006768	-0.196000	0.999722	0.023583	0.000000	0.023583	-0.999722	-0.000000	0.000000	0.000000	-1.000000	0.286920	0.006768	-0.196000	0.999722	0.000000	-0.023583	0.023583	-0.000000	0.999722	0.000000	-1.000000	-0.000000	0.286920	0.006768	-0.254000	0.999722	0.023583	0.000000	0.023583	-0.999722	-0.000000	0.000000	0.000000	-1.000000	
0.010000	0.000000	0.000000	0.000000	0.999663	-0.025941	0.000000	0.025941	0.999663	0.000000	0.000000	0.000000	1.000000	0.000000	0.000000	0.000000	0.999663	-0.000000	0.025941	0.025941	0.000000	-0.999663	0.000000	1.000000	0.000000	0.183938	0.004773	0.000000	0.999663	0.000000	-0.025941	0.025941	-0.000000	0.999663	0.000000	-1.000000	-0.000000	0.286903	0.007445	-0.196000	0.999663	0.025941	0.000000	0.025941	-0.999663	-0.000000	0.000000	0.000000	-1.000000	0.286903	0.007445	-0.196000	0.999663	0.000000	-0.025941	0.025941	-0.000000	0.999663	0.000000	-1.000000	-0.000000	0.286903	0.007445	-0.254000	0.999663	0.025941	0.000000	0.025941	-0.999663	-0.000000	0.000000	0.000000	-1.000000	
0.011000	0.000000	0.000000	0.000000	0.999600	-0.028299	0.000000	0.028299	0.999600	0.000000	0.000000	0.000000	1.000000	0.000000	0.000000	0.000000	0.999600	-0.000000	0.028299	0.028299	0.000000	-0.999600	0.000000	1.000000	0.000000	0.183926	0.005207	0.000000	0.999600	0.000000	-0.028299	0.028299	-0.000000	0.999600	0.000000	-1.000000	-0.000000	0.286885	0.008122	-0.196000	0.999600	0.028299	0.000000	0.028299	-0.999600	-0.000000	0.000000	0.000000	-1.000000	0.286885	0.008122	-0.196000	0.999600	0.000000	-0.028299	0.028299	-0.000000	0.999600	0.000000	-1.000000	-0.000000	0.286885	0.008122	-0.254000	0.999600	0.028299	0.000000	0.028299	-0.999600	-0.000000	0.000000	0.000000	-1.000000	
0.012000	0.000000	0.000000	0.000000	0.999530	-0.030656	0.000000	0.030656	0.999530	0.000000	0.000000	0.000000	1.000000	0.000000	0.000000	0.000000	0.999530	-0.000000	0.030656	0.030656	0.000000	-0.999530	0.000000	1.000000	0.000000	0.183914	0.005641	0.000000	0.999530	0.000000	-0.030656	0.030656	-0.000000	0.999530	0.000000	-1.000000	-0.000000	0.286865	0.008798	-0.196000	0.999530	0.030656	0.000000	0.030656	-0.999530	-0.000000	0.000000	0.000000	-1.000000	0.286865	0.008798	-0.196000	0.999530	0.000000	-0.030656	0.030656	-0.000000	0.999530	0.000000	-1.000000	-0.000000	0.286865	0.008798	-0.254000	0.999530	0.030656	0.000000	0.030656	-0.999530	-0.000000	0.000000	0.000000	-1.000000	
0.013000	0.000000	0.000000	0.000000	0.999455	-0.033014	0.000000	0.033014	0.999455	0.000000	0.000000	0.000000	1.000000	0.000000	0.000000	0.000000	0.999455	-0.000000	0.033014	0.033014	0.000000	-0.999455	0.000000	1.000000	0.000000	0.183900	0.006075	0.000000	0.999455	0.000000	-0.033014	0.033014	-0.000000	0.999455	0.000000	-1.000000	-0.000000	0.286844	0.009475	-0.196000	0.999455	0.033014	0.000000	0.033014	-0.999455	-0.000000	0.000000	0.000000	-1.000000	0.286844	0.009475	-0.196000	0.999455	0.000000	-0.033014	0.033014	-0.000000	0.999455	0.000000	-1.000000	-0.000000	0.286844	0.009475	-0.254000	0.999455	0.033014	0.000000	0.033014	-0.999455	-0.000000	0.000000	0.000000	-1.000000	
0.014000	0.000000	0.000000	0.000000	0.999374	-0.035371	0.000000	0.035371	0.999374	0.000000	0.000000	0.000000	1.000000	0.000000	0.000000	0.000000	0.999374	-0.000000	0.035371	0.035371	0.000000	-0.999374	0.000000	1.000000	0.000000	0.183885	0.006508	0.000000	0.999374	0.000000	-0.035371	0.035371	-0.000000	0.999374	0.000000	-1.000000	-0.000000	0.286820	0.010151	-0.196000	0.999374	0.035371	0.000000	0.035371	-0.999374	-0.000000	0.000000	0.000000	-1.000000	0.286820	0.010151	-0.196000	0.999374	0.000000	-0.035371	0.035371	-0.000000	0.999374	0.000000	-1.000000	-0.000000	0.286820	0.010151	-0.254000	0.999374	0.035371	0.000000	0.035371	-0.999374	-0.000000	0.000000	0.000000	-1.000000	
0.015000	0.000000	0.000000	0.000000	0.999288	-0.037728	0.000000	0.037728	0.999288	0.000000	0.000000	0.000000	1.000000	0.000000	0.000000	0.000000	0.999288	-0.000000	0.037728	0.037728	0.000000	-0.999288	0.000000	1.000000	0.000000	0.183869	0.006942	0.000000	0.999288	0.000000	-0.037728	0.037728	-0.000000	0.999288	0.000000	-1.000000	-0.000000	0.286796	0.010828	-0.196000	0.999288	0.037728	0.000000	0.037728	-0.999288	-0.000000	0.000000	0.000000	-1.000000	0.286796	0.010828	-0.196000	0.999288	0.000000	-0.037728	0.037728	-0.000000	0.999288	0.000000	-1.000000	-0.000000	0.286796	0.010828	-0.254000	0.999288	0.037728	0.000000	0.037728	-0.999288	-0.000000	0.000000	0.000000	-1.000000	
0.016000	0.000000	0.000000	0.000000	0.999196	-0.040085	0.000000	0.040085	0.999196	0.000000	0.000000	0.000000	1.000000	0.000000	0.000000	0.000000	0.999196	-0.000000	0.040085	0.040085	0.000000	-0.999196	0.000000	1.000000	0.000000	0.183852	0.007376	0.000000	0.999196	0.000000	-0.040085	0.040085	-0.000000	0.999196	0.000000	-1.000000	-0.000000	0.286769	0.011504	-0.196000	0.999196	0.040085	0.000000	0.040085	-0.999196	-0.000000	0.000000	0.000000	-1.000000	0.286769	0.011504	-0.196000	0.999196	0.000000	-0.040085	0.040085	-0.000000	0.999196	0.000000	-1.000000	-0.000000	0.286769	0.011504	-0.254000	0.999196	0.040085	0.000000	0.040085	-0.999196	-0.000000	0.000000	0.000000	-1.000000	
0.017000	0.000000	0.000000	0.000000	0.999099	-0.042441	0.000000	0.042441	0.999099	0.000000	0.000000	0.000000	1.000000	0.000000	0.000000	0.000000	0.999099	-0.000000	0.042441	0.042441	0.000000	-0.999099	0.000000	1.000000	0.000000	0.183834	0.007809	0.000000	0.999099	0.000000	-0.042441	0.042441	-0.000000	0.999099	0.000000	-1.000000	-0.000000	0.286741	0.012181	-0.196000	0.999099	0.042441	0.000000	0.042441	-0.999099	-0.000000	0.000000	0.000000	-1.000000	0.286741	0.012181	-0.196000	0.999099	0.000000	-0.042441	0.042441	-0.000000	0.999099	0.000000	-1.000000	-0.000000	0.286741	0.012181	-0.254000	0.999099	0.042441	0.000000	0.042441	-0.999099	-0.000000	0.000000	0.000000	-1.000000	
0.018000	0.000000	0.000000	0.000000	0.998996	-0.044798	0.000000	0.044798	0.998996	0.000000	0.000000	0.000000	1.000000	0.000000	0.000000	0.000000	0.998996	-0.000000	0.044798	0.044798	0.000000	-0.998996	0.000000	1.000000	0.000000	0.183815	0.008243	0.000000	0.998996	0.000000	-0.044798	0.044798	-0.000000	0.998996	0.000000	-1.000000	-0.000000	0.286712	0.012857	-0.196000	0.998996	0.044798	0.000000	0.044798	-0.998996	-0.000000	0.000000	0.000000	-1.000000	0.286712	0.012857	-0.196000	0.998996	0.000000	-0.044798	0.044798	-0.000000	0.998996	0.000000	-1.000000	-0.000000	0.286712	0.012857	-0.254000	0.998996	0.044798	0.000000	0.044798	-0.998996	-0.000000	0.000000	0.000000	-1.000000	
0.019000	0.000000	0.000000	0.000000	0.998888	-0.047154	0.000000	0.047154	0.998888	0.000000	0.000000	0.000000	1.000000	0.000000	0.000000	0.000000	0.998888	-0.000000	0.047154	0.047154	0.000000	-0.998888	0.000000	1.000000	0.000000	0.183795	0.008676	0.000000	0.998888	0.000000	-0.047154	0.047154	-0.000000	0.998888	0.000000	-1.000000	-0.000000	0.286681	0.013533	-0.196000	0.998888	0.047154	0.000000	0.047154	-0.998888	-0.000000	0.000000	0.000000	-1.000000	0.286681	0.013533	-0.196000	0.998888	0.000000	-0.047154	0.047154	-0.000000	0.998888	0.000000	-1.000000	-0.000000	0.286681	0.013533	-0.254000	0.998888	0.047154	0.000000	0.047154	-0.998888	-0.000000	0.000000	0.000000	-1.000000	
0.020000	0.000000	0.000000	0.000000	0.998774	-0.049509	0.000000	0.049509	0.998774	0.000000	0.000000	0.000000	1.000000	0.000000	0.000000	0.000000	0.998774	-0.000000	0.049509	0.049509	0.000000	-0.998774	0.000000	1.000000	0.000000	0.183774	0.009110	0.000000	0.998774	0.000000	-0.049509	0.049509	-0.000000	0.998774	0.000000	-1.000000	-0.000000	0.286648	0.014209	-0.196000	0.998774	0.049509	0.000000	0.049509	-0.998774	-0.000000	0.000000	0.000000	-1.000000	0.286648	0.014209	-0.196000	0.998774	0.000000	-0.049509	0.049509	-0.000000	0.998774	0.000000	-1.000000	-0.000000	0.286648	0.014209	-0.254000	0.998774	0.049509	0.000000	0.049509	-0.998774	-0.000000	0.000000	0.000000	-1.000000	
0.021000	0.000000	0.000000	0.000000	0.998654	-0.051865	0.000000	0.051865	0.998654	0.000000	0.000000	0.000000	1.000000	0.000000	0.000000	0.000000	0.998654	-0.000000	0.051865	0.051865	0.000000	-0.998654	0.000000	1.000000	0.000000	0.183752	0.009543	0.000000	0.998654	0.000000	-0.051865	0.051865	-0.000000	0.998654	0.000000	-1.000000	-0.000000	0.286614	0.014885	-0.196000	0.998654	0.051865	0.000000	0.051865	-0.998654	-0.000000	0.000000	0.000000	-1.000000	0.286614	0.014885	-0.196000	0.998654	0.000000	-0.051865	0.051865	-0.000000	0.998654	0.000000	-1.000000	-0.000000	0.286614	0.014885	-0.254000	0.998654	0.051865	0.000000	0.051865	-0.998654	-0.000000	0.000000	0.000000	-1.000000	
0.022000	0.000000	0.000000	0.000000	0.998529	-0.054220	0.000000	0.054220	0.998529	0.000000	0.000000	0.000000	1.000000	0.000000	0.000000	0.000000	0.998529	-0.000000	0.054220	0.054220	0.000000	-0.998529	0.000000	1.000000	0.000000	0.183729	0.009977	0.000000	0.998529	0.000000	-0.054220	0.054220	-0.000000	0.998529	0.000000	-1.000000	-0.000000	0.286578	0.015561	-0.196000	0.998529	0.054220	0.000000	0.054220	-0.998529	-0.000000	0.000000	0.000000	-1.000000	0.286578	0.015561	-0.196000	0.998529	0.000000	-0.054220	0.054220	-0.000000	0.998529	0.000000	-1.000000	-0.000000	0.286578	0.015561	-0.254000	0.998529	0.054220	0.000000	0.054220	-0.998529	-0.000000	0.000000	0.000000	-1.000000	
0.023000	0.000000	0.000000	0.000000	0.998398	-0.056575	0.000000	0.056575	0.998398	0.000000	0.000000	0.000000	1.000000	0.000000	0.000000	0.000000	0.998398	-0.000000	0.056575	0.056575	0.000000	-0.998398	0.000000	1.000000	0.000000	0.183705	0.010410	0.000000	0.998398	0.000000	-0.056575	0.056575	-0.000000	0.998398	0.000000	-1.000000	-0.000000	0.286540	0.016237	-0.196000	0.998398	0.056575	0.000000	0.056575	-0.998398	-0.000000	0.000000	0.000000	-1.000000	0.286540	0.016237	-0.196000	0.998398	0.000000	-0.056575	0.056575	-0.000000	0.998398	0.000000	-1.000000	-0.000000	0.286540	0.016237	-0.254000	0.998398	0.056575	0.000000	0.056575	-0.998398	-0.000000	0.000000	0.000000	-1.000000	
0.024000	0.000000	0.000000	0.000000	0.998262	-0.058930	0.000000	0.058930	0.998262	0.000000	0.000000	0.000000	1.000000	0.000000	0.000000	0.000000	0.998262	-0.000000	0.058930	0.058930	0.000000	-0.998262	0.000000	1.000000	0.000000	0.183680	0.010843	0.000000	0.998262	0.000000	-0.058930	0.058930	-0.000000	0.998262	0.000000	-1.000000	-0.000000	0.286501	0.016913	-0.196000	0.998262	0.058930	0.000000	0.058930	-0.998262	-0.000000	0.000000	0.000000	-1.000000	0.286501	0.016913	-0.196000	0.998262	0.000000	-0.058930	0.058930	-0.000000	0.998262	0.000000	-1.000000	-0.000000	0.286501	0.016913	-0.254000	0.998262	0.058930	0.000000	0.058930	-0.998262	-0.000000	0.000000	0.000000	-1.000000	
0.025000	0.000000	0.000000	0.000000	0.998120	-0.061284	0.000000	0.061284	0.998120	0.000000	0.000000	0.000000	1.000000	0.000000	0.000000	0.000000	0.998120	-0.000000	0.061284	0.061284	0.000000	-0.998120	0.000000	1.000000	0.000000	0.183654	0.011276	0.000000	0.998120	0.000000	-0.061284	0.061284	-0.000000	0.998120	0.000000	-1.000000	-0.000000	0.286461	0.017588	-0.196000	0.998120	0.061284	0.000000	0.061284	-0.998120	-0.000000	0.000000	0.000000	-1.000000	0.286461	0.017588	-0.196000	0.998120	0.000000	-0.061284	0.061284	-0.000000	0.998120	0.000000	-1.000000	-0.000000	0.286461	0.017588	-0.254000	0.998120	0.061284	0.000000	0.061284	-0.998120	-0.000000	0.000000	0.000000	-1.000000	
0.026000	0.000000	0.000000	0.000000	0.997973	-0.063638	0.000000	0.063638	0.997973	0.000000	0.000000	0.000000	1.000000	0.000000	0.000000	0.000000	0.997973	-0.000000	0.063638	0.063638	0.000000	-0.997973	0.000000	1.000000	0.000000	0.183627	0.011709	0.000000	0.997973	0.000000	-0.063638	0.063638	-0.000000	0.997973	0.000000	-1.000000	-0.000000	0.286418	0.018264	-0.196000	0.997973	0.063638	0.000000	0.063638	-0.997973	-0.000000	0.000000	0.000000	-1.000000	0.286418	0.018264	-0.196000	0.997973	0.000000	-0.063638	0.063638	-0.000000	0.997973	0.000000	-1.000000	-0.000000	0.286418	0.018264	-0.254000	0.997973	0.063638	0.000000	0.063638	-0.997973	-0.000000	0.000000	0.000000	-1.000000	
0.027000	0.000000	0.000000	0.000000	0.997820	-0.065991	0.000000	0.065991	0.997820	0.000000	0.000000	0.000000	1.000000	0.000000	0.000000	0.000000	0.997820	-0.000000	0.065991	0.065991	0.000000	-0.997820	0.000000	1.000000	0.000000	0.183599	0.012142	0.000000	0.997820	0.000000	-0.065991	0.065991	-0.000000	0.997820	0.000000	-1.000000	-0.000000	0.286374	0.018940	-0.196000	0.997820	0.065991	0.000000	0.065991	-0.997820	-0.000000	0.000000	0.000000	-1.000000	0.286374	0.018940	-0.196000	0.997820	0.000000	-0.065991	0.065991	-0.000000	0.997820	0.000000	-1.000000	-0.000000	0.286374	0.018940	-0.254000	0.997820	0.065991	0.000000	0.065991	-0.997820	-0.000000	0.000000	0.000000	-1.000000	
0.028000	0.000000	0.000000	0.000000	0.997662	-0.068345	0.000000	0.068345	0.997662	0.000000	0.000000	0.000000	1.000000	0.000000	0.000000	0.000000	0.997662	-0.000000	0.068345	0.068345	0.000000	-0.997662	0.000000	1.000000	0.000000	0.183570	0.012575	0.000000	0.997662	0.000000	-0.068345	0.068345	-0.000000	0.997662	0.000000	-1.000000	-0.000000	0.286329	0.019615	-0.196000	0.997662	0.068345	0.000000	0.068345	-0.997662	-0.000000	0.000000	0.000000	-1.000000	0.286329	0.019615	-0.196000	0.997662	0.000000	-0.068345	0.068345	-0.000000	0.997662	0.000000	-1.000000	-0.000000	0.286329	0.019615	-0.254000	0.997662	0.068345	0.000000	0.068345	-0.997662	-0.000000	0.000000	0.000000	-1.000000	
0.029000	0.000000	0.000000	0.000000	0.997498	-0.070698	0.000000	0.070698	0.997498	0.000000	0.000000	0.000000	1.000000	0.000000	0.000000	0.000000	0.997498	-0.000000	0.070698	0.070698	0.000000	-0.997498	0.000000	1.000000	0.000000	0.183540	0.013008	0.000000	0.997498	0.000000	-0.070698	0.070698	-0.000000	0.997498	0.000000	-1.000000	-0.000000	0.286282	0.020290	-0.196000	0.997498	0.070698	0.000000	0.070698	-0.997498	-0.000000	0.000000	0.000000	-1.000000	0.286282	0.020290	-0.196000	0.997498	0.000000	-0.070698	0.070698	-0.000000	0.997498	0.000000	-1.000000	-0.000000	0.286282	0.020290	-0.254000	0.997498	0.070698	0.000000	0.070698	-0.997498	-0.000000	0.000000	0.000000	-1.000000	
0.030000	0.000000	0.000000	0.000000	0.997328	-0.073050	0.000000	0.073050	0.997328	0.000000	0.000000	0.000000	1.000000	0.000000	0.000000	0.000000	0.997328	-0.000000	0.073050	0.073050	0.000000	-0.997328	0.000000	1.000000	0.000000	0.183508	0.013441	0.000000	0.997328	0.000000	-0.073050	0.073050	-0.000000	0.997328	0.000000	-1.000000	-0.000000	0.286233	0.020965	-0.196000	0.997328	0.073050	0.000000	0.073050	-0.997328	-0.000000	0.000000	0.000000	-1.000000	0.286233	0.020965	-0.196000	0.997328	0.000000	-0.073050	0.073050	-0.000000	0.997328	0.000000	-1.000000	-0.000000	0.286233	0.020965	-0.254000	0.997328	0.073050	0.000000	0.073050	-0.997328	-0.000000	0.000000	0.000000	-1.000000	
0.031000	0.000000	0.000000	0.000000	0.997153	-0.075402	0.000000	0.075402	0.997153	0.000000	0.000000	0.000000	1.000000	0.000000	0.000000	0.000000	0.997153	-0.000000	0.075402	0.075402	0.000000	-0.997153	0.000000	1.000000	0.000000	0.183476	0.013874	0.000000	0.997153	0.000000	-0.075402	0.075402	-0.000000	0.997153	0.000000	-1.000000	-0.000000	0.286183	0.021640	-0.196000	0.997153	0.075402	0.000000	0.075402	-0.997153	-0.000000	0.000000	0.000000	-1.000000	0.286183	0.021640	-0.196000	0.997153	0.000000	-0.075402	0.075402	-0.000000	0.997153	0.000000	-1.000000	-0.000000	0.286183	0.021640	-0.254000	0.997153	0.075402	0.000000	0.075402	-0.997153	-0.000000	0.000000	0.000000	-1.000000	
0.032000	0.000000	0.000000	0.000000	0.996973	-0.077754	0.000000	0.077754	0.996973	0.000000	0.000000	0.000000	1.000000	0.000000	0.000000	0.000000	0.996973	-0.000000	0.077754	0.077754	0.000000	-0.996973	0.000000	1.000000	0.000000	0.183443	0.014307	0.000000	0.996973	0.000000	-0.077754	0.077754	-0.000000	0.996973	0.000000	-1.000000	-0.000000	0.286131	0.022315	-0.196000	0.996973	0.077754	0.000000	0.077754	-0.996973	-0.000000	0.000000	0.000000	-1.000000	0.286131	0.022315	-0.196000	0.996973	0.000000	-0.077754	0.077754	-0.000000	0.996973	0.000000	-1.000000	-0.000000	0.286131	0.022315	-0.254000	0.996973	0.077754	0.000000	0.077754	-0.996973	-0.000000	0.000000	0.000000	-1.000000	
0.033000	0.000000	0.000000	0.000000	0.996786	-0.080105	0.000000	0.080105	0.996786	0.000000	0.000000	0.000000	1.000000	0.000000	0.000000	0.000000	0.996786	-0.000000	0.080105	0.080105	0.000000	-0.996786	0.000000	1.000000	0.000000	0.183409	0.014739	0.000000	0.996786	0.000000	-0.080105	0.080105	-0.000000	0.996786	0.000000	-1.000000	-0.000000	0.286078	0.022990	-0.196000	0.996786	0.080105	0.000000	0.080105	-0.996786	-0.000000	0.000000	0.000000	-1.000000	0.286078	0.022990	-0.196000	0.996786	0.000000	-0.080105	0.080105	-0.000000	0.996786	0.000000	-1.000000	-0.000000	0.286078	0.022990	-0.254000	0.996786	0.080105	0.000000	0.080105	-0.996786	-0.000000	0.000000	0.000000	-1.000000	
0.034000	0.000000	0.000000	0.000000	0.996595	-0.082456	0.000000	0.082456	0.996595	0.000000	0.000000	0.000000	1.000000	0.000000	0.000000	0.000000	0.996595	-0.000000	0.082456	0.082456	0.000000	-0.996595	0.000000	1.000000	0.000000	0.183373	0.015172	0.000000	0.996595	0.000000	-0.082456	0.082456	-0.000000	0.996595	0.000000	-1.000000	-0.000000	0.286023	0.023665	-0.196000	0.996595	0.082456	0.000000	0.082456	-0.996595	-0.000000	0.000000	0.000000	-1.000000	0.286023	0.023665	-0.196000	0.996595	0.000000	-0.082456	0.082456	-0.000000	0.996595	0.000000	-1.000000	-0.000000	0.286023	0.023665	-0.254000	0.996595	0.082456	0.000000	0.082456	-0.996595	-0.000000	0.000000	0.000000	-1.000000	
0.035000	0.000000	0.000000	0.000000	0.996397	-0.084806	0.000000	0.084806	0.996397	0.000000	0.000000	0.000000	1.000000	0.000000	0.000000	0.000000	0.996397	-0.000000	0.084806	0.084806	0.000000	-0.996397	0.000000	1.000000	0.000000	0.183337	0.015604	0.000000	0.996397	0.000000	-0.084806	0.084806	-0.000000	0.996397	0.000000	-1.000000	-0.000000	0.285966	0.024339	-0.196000	0.996397	0.084806	0.000000	0.084806	-0.996397	-0.000000	0.000000	0.000000	-1.000000	0.285966	0.024339	-0.196000	0.996397	0.000000	-0.084806	0.084806	-0.000000	0.996397	0.000000	-1.000000	-0.000000	0.285966	0.024339	-0.254000	0.996397	0.084806	0.000000	0.084806	-0.996397	-0.000000	0.000000	0.000000	-1.000000	
0.036000	0.000000	0.000000	0.000000	0.996195	-0.087156	0.000000	0.087156	0.996195	0.000000	0.000000	0.000000	1.000000	0.000000	0.000000	0.000000	0.996195	-0.000000	0.087156	0.087156	0.000000	-0.996195	0.000000	1.000000	0.000000	0.183300	0.016037	0.000000	0.996195	0.000000	-0.087156	0.087156	-0.000000	0.996195	0.000000	-1.000000	-0.000000	0.285908	0.025014	-0.196000	0.996195	0.087156	0.000000	0.087156	-0.996195	-0.000000	0.000000	0.000000	-1.000000	0.285908	0.025014	-0.196000	0.996195	0.000000	-0.087156	0.087156	-0.000000	0.996195	0.000000	-1.000000	-0.000000	0.285908	0.025014	-0.254000	0.996195	0.087156	0.000000	0.087156	-0.996195	-0.000000	0.000000	0.000000	-1.000000	
0.037000	0.000000	0.000000	0.000000	0.995986	-0.089505	0.000000	0.089505	0.995986	0.000000	0.000000	0.000000	1.000000	0.000000	0.000000	0.000000	0.995986	-0.000000	0.089505	0.089505	0.000000	-0.995986	0.000000	1.000000	0.000000	0.183261	0.016469	0.000000	0.995986	0.000000	-0.089505	0.089505	-0.000000	0.995986	0.000000	-1.000000	-0.000000	0.285848	0.025688	-0.196000	0.995986	0.089505	0.000000	0.089505	-0.995986	-0.000000	0.000000	0.000000	-1.000000	0.285848	0.025688	-0.196000	0.995986	0.000000	-0.089505	0.089505	-0.000000	0.995986	0.000000	-1.000000	-0.000000	0.285848	0.025688	-0.254000	0.995986	0.089505	0.000000	0.089505	-0.995986	-0.000000	0.000000	0.000000	-1.000000	
0.038000	0.000000	0.000000	0.000000	0.995772	-0.091854	0.000000	0.091854	0.995772	0.000000	0.000000	0.000000	1.000000	0.000000	0.000000	0.000000	0.995772	-0.000000	0.091854	0.091854	0.000000	-0.995772	0.000000	1.000000	0.000000	0.183222	0.016901	0.000000	0.995772	0.000000	-0.091854	0.091854	-0.000000	0.995772	0.000000	-1.000000	-0.000000	0.285787	0.026362	-0.196000	0.995772	0.091854	0.000000	0.091854	-0.995772	-0.000000	0.000000	0.000000	-1.000000	0.285787	0.026362	-0.196000	0.995772	0.000000	-0.091854	0.091854	-0.000000	0.995772	0.000000	-1.000000	-0.000000	0.285787	0.026362	-0.254000	0.995772	0.091854	0.000000	0.091854	-0.995772	-0.000000	0.000000	0.000000	-1.000000	
0.039000	0.000000	0.000000	0.000000	0.995553	-0.094202	0.000000	0.094202	0.995553	0.000000	0.000000	0.000000	1.000000	0.000000	0.000000	0.000000	0.995553	-0.000000	0.094202	0.094202	0.000000	-0.995553	0.000000	1.000000	0.000000	0.183182	0.017333	0.000000	0.995553	0.000000	-0.094202	0.094202	-0.000000	0.995553	0.000000	-1.000000	-0.000000	0.285724	0.027036	-0.196000	0.995553	0.094202	0.000000	0.094202	-0.995553	-0.000000	0.000000	0.000000	-1.000000	0.285724	0.027036	-0.196000	0.995553	0.000000	-0.094202	0.094202	-0.000000	0.995553	0.000000	-1.000000	-0.000000	0.285724	0.027036	-0.254000	0.995553	0.094202	0.000000	0.094202	-0.995553	-0.000000	0.000000	0.000000	-1.000000	
0.040000	0.000000	0.000000	0.000000	0.995328	-0.096550	0.000000	0.096550	0.995328	0.000000	0.000000	0.000000	1.000000	0.000000	0.000000	0.000000	0.995328	-0.000000	0.096550	0.096550	0.000000	-0.995328	0.000000	1.000000	0.000000	0.183140	0.017765	0.000000	0.995328	0.000000	-0.096550	0.096550	-0.000000	0.995328	0.000000	-1.000000	-0.000000	0.285659	0.027710	-0.196000	0.995328	0.096550	0.000000	0.096550	-0.995328	-0.000000	0.000000	0.000000	-1.000000	0.285659	0.027710	-0.196000	0.995328	0.000000	-0.096550	0.096550	-0.000000	0.995328	0.000000	-1.000000	-0.000000	0.285659	0.027710	-0.254000	0.995328	0.096550	0.000000	0.096550	-0.995328	-0.000000	0.000000	0.000000	-1.000000	
0.041000	0.000000	0.000000	0.000000	0.995098	-0.098897	0.000000	0.098897	0.995098	0.000000	0.000000	0.000000	1.000000	0.000000	0.000000	0.000000	0.995098	-0.000000	0.098897	0.098897	0.000000	-0.995098	0.000000	1.000000	0.000000	0.183098	0.018197	0.000000	0.995098	0.000000	-0.098897	0.098897	-0.000000	0.995098	0.000000	-1.000000	-0.000000	0.285593	0.028384	-0.196000	0.995098	0.098897	0.000000	0.098897	-0.995098	-0.000000	0.000000	0.000000	-1.000000	0.285593	0.028384	-0.196000	0.995098	0.000000	-0.098897	0.098897	-0.000000	0.995098	0.000000	-1.000000	-0.000000	0.285593	0.028384	-0.254000	0.995098	0.098897	0.000000	0.098897	-0.995098	-0.000000	0.000000	0.000000	-1.000000	
0.042000	0.000000	0.000000	0.000000	0.994862	-0.101244	0.000000	0.101244	0.994862	0.000000	0.000000	0.000000	1.000000	0.000000	0.000000	0.000000	0.994862	-0.000000	0.101244	0.101244	0.000000	-0.994862	0.000000	1.000000	0.000000	0.183055	0.018629	0.000000	0.994862	0.000000	-0.101244	0.101244	-0.000000	0.994862	0.000000	-1.000000	-0.000000	0.285525	0.029057	-0.196000	0.994862	0.101244	0.000000	0.101244	-0.994862	-0.000000	0.000000	0.000000	-1.000000	0.285525	0.029057	-0.196000	0.994862	0.000000	-0.101244	0.101244	-0.000000	0.994862	0.000000	-1.000000	-0.000000	0.285525	0.029057	-0.254000	0.994862	0.101244	0.000000	0.101244	-0.994862	-0.000000	0.000000	0.000000	-1.000000	
0.043000	0.000000	0.000000	0.000000	0.994620	-0.103590	0.000000	0.103590	0.994620	0.000000	0.000000	0.000000	1.000000	0.000000	0.000000	0.000000	0.994620	-0.000000	0.103590	0.103590	0.000000	-0.994620	0.000000	1.000000	0.000000	0.183010	0.019061	0.000000	0.994620	0.000000	-0.103590	0.103590	-0.000000	0.994620	0.000000	-1.000000	-0.000000	0.285456	0.029730	-0.196000	0.994620	0.103590	0.000000	0.103590	-0.994620	-0.000000	0.000000	0.000000	-1.000000	0.285456	0.029730	-0.196000	0.994620	0.000000	-0.103590	0.103590	-0.000000	0.994620	0.000000	-1.000000	-0.000000	0.285456	0.029730	-0.254000	0.994620	0.103590	0.000000	0.103590	-0.994620	-0.000000	0.000000	0.000000	-1.000000	
0.044000	0.000000	0.000000	0.000000	0.994373	-0.105936	0.000000	0.105936	0.994373	0.000000	0.000000	0.000000	1.000000	0.000000	0.000000	0.000000	0.994373	-0.000000	0.105936	0.105936	0.000000	-0.994373	0.000000	1.000000	0.000000	0.182965	0.019492	0.000000	0.994373	0.000000	-0.105936	0.105936	-0.000000	0.994373	0.000000	-1.000000	-0.000000	0.285385	0.030404	-0.196000	0.994373	0.105936	0.000000	0.105936	-0.994373	-0.000000	0.000000	0.000000	-1.000000	0.285385	0.030404	-0.196000	0.994373	0.000000	-0.105936	0.105936	-0.000000	0.994373	0.000000	-1.000000	-0.000000	0.285385	0.030404	-0.254000	0.994373	0.105936	0.000000	0.105936	-0.994373	-0.000000	0.000000	0.000000	-1.000000	
0.045000	0.000000	0.000000	0.000000	0.994120	-0.108281	0.000000	0.108281	0.994120	0.000000	0.000000	0.000000	1.000000	0.000000	0.000000	0.000000	0.994120	-0.000000	0.108281	0.108281	0.000000	-0.994120	0.000000	1.000000	0.000000	0.182918	0.019924	0.000000	0.994120	0.000000	-0.108281	0.108281	-0.000000	0.994120	0.000000	-1.000000	-0.000000	0.285313	0.031077	-0.196000	0.994120	0.108281	0.000000	0.108281	-0.994120	-0.000000	0.000000	0.000000	-1.000000	0.285313	0.031077	-0.196000	0.994120	0.000000	-0.108281	0.108281	-0.000000	0.994120	0.000000	-1.000000	-0.000000	0.285313	0.031077	-0.254000	0.994120	0.108281	0.000000	0.108281	-0.994120	-0.000000	0.000000	0.000000	-1.000000	
0.046000	0.000000	0.000000	0.000000	0.993862	-0.110625	0.000000	0.110625	0.993862	0.000000	0.000000	0.000000	1.000000	0.000000	0.000000	0.000000	0.993862	-0.000000	0.110625	0.110625	0.000000	-0.993862	0.000000	1.000000	0.000000	0.182871	0.020355	0.000000	0.993862	0.000000	-0.110625	0.110625	-0.000000	0.993862	0.000000	-1.000000	-0.000000	0.285238	0.031749	-0.196000	0.993862	0.110625	0.000000	0.110625	-0.993862	-0.000000	0.000000	0.000000	-1.000000	0.285238	0.031749	-0.196000	0.993862	0.000000	-0.110625	0.110625	-0.000000	0.993862	0.000000	-1.000000	-0.000000	0.285238	0.031749	-0.254000	0.993862	0.110625	0.000000	0.110625	-0.993862	-0.000000	0.000000	0.000000	-1.000000	
0.047000	0.000000	0.000000	0.000000	0.993599	-0.112969	0.000000	0.112969	0.993599	0.000000	0.000000	0.000000	1.000000	0.000000	0.000000	0.000000	0.993599	-0.000000	0.112969	0.112969	0.000000	-0.993599	0.000000	1.000000	0.000000	0.182822	0.020786	0.000000	0.993599	0.000000	-0.112969	0.112969	-0.000000	0.993599	0.000000	-1.000000	-0.000000	0.285163	0.032422	-0.196000	0.993599	0.112969	0.000000	0.112969	-0.993599	-0.000000	0.000000	0.000000	-1.000000	0.285163	0.032422	-0.196000	0.993599	0.000000	-0.112969	0.112969	-0.000000	0.993599	0.000000	-1.000000	-0.000000	0.285163	0.032422	-0.254000	0.993599	0.112969	0.000000	0.112969	-0.993599	-0.000000	0.000000	0.000000	-1.000000	
0.048000	0.000000	0.000000	0.000000	0.993329	-0.115312	0.000000	0.115312	0.993329	0.000000	0.000000	0.000000	1.000000	0.000000	0.000000	0.000000	0.993329	-0.000000	0.115312	0.115312	0.000000	-0.993329	0.000000	1.000000	0.000000	0.182773	0.021217	0.000000	0.993329	0.000000	-0.115312	0.115312	-0.000000	0.993329	0.000000	-1.000000	-0.000000	0.285086	0.033095	-0.196000	0.993329	0.115312	0.000000	0.115312	-0.993329	-0.000000	0.000000	0.000000	-1.000000	0.285086	0.033095	-0.196000	0.993329	0.000000	-0.115312	0.115312	-0.000000	0.993329	0.000000	-1.000000	-0.000000	0.285086	0.033095	-0.254000	0.993329	0.115312	0.000000	0.115312	-0.993329	-0.000000	0.000000	0.000000	-1.000000	
0.049000	0.000000	0.000000	0.000000	0.993055	-0.117655	0.000000	0.117655	0.993055	0.000000	0.000000	0.000000	1.000000	0.000000	0.000000	0.000000	0.993055	-0.000000	0.117655	0.117655	0.000000	-0.993055	0.000000	1.000000	0.000000	0.182722	0.021648	0.000000	0.993055	0.000000	-0.117655	0.117655	-0.000000	0.993055	0.000000	-1.000000	-0.000000	0.285007	0.033767	-0.196000	0.993055	0.117655	0.000000	0.117655	-0.993055	-0.000000	0.000000	0.000000	-1.000000	0.285007	0.033767	-0.196000	0.993055	0.000000	-0.117655	0.117655	-0.000000	0.993055	0.000000	-1.000000	-0.000000	0.285007	0.033767	-0.254000	0.993055	0.117655	0.000000	0.117655	-0.993055	-0.000000	0.000000	0.000000	-1.000000	
0.050000	0.000000	0.000000	0.000000	0.992774	-0.119996	0.000000	0.119996	0.992774	0.000000	0.000000	0.000000	1.000000	0.000000	0.000000	0.000000	0.992774	-0.000000	0.119996	0.119996	0.000000	-0.992774	0.000000	1.000000	0.000000	0.182670	0.022079	0.000000	0.992774	0.000000	-0.119996	0.119996	-0.000000	0.992774	0.000000	-1.000000	-0.000000	0.284926	0.034439	-0.196000	0.992774	0.119996	0.000000	0.119996	-0.992774	-0.000000	0.000000	0.000000	-1.000000	0.284926	0.034439	-0.196000	0.992774	0.000000	-0.119996	0.119996	-0.000000	0.992774	0.000000	-1.000000	-0.000000	0.284926	0.034439	-0.254000	0.992774	0.119996	0.000000	0.119996	-0.992774	-0.000000	0.000000	0.000000	-1.000000	
0.051000	0.000000	0.000000	0.000000	0.992489	-0.122338	0.000000	0.122338	0.992489	0.000000	0.000000	0.000000	1.000000	0.000000	0.000000	0.000000	0.992489	-0.000000	0.122338	0.122338	0.000000	-0.992489	0.000000	1.000000	0.000000	0.182618	0.022510	0.000000	0.992489	0.000000	-0.122338	0.122338	-0.000000	0.992489	0.000000	-1.000000	-0.000000	0.284844	0.035111	-0.196000	0.992489	0.122338	0.000000	0.122338	-0.992489	-0.000000	0.000000	0.000000	-1.000000	0.284844	0.035111	-0.196000	0.992489	0.000000	-0.122338	0.122338	-0.000000	0.992489	0.000000	-1.000000	-0.000000	0.284844	0.035111	-0.254000	0.992489	0.122338	0.000000	0.122338	-0.992489	-0.000000	0.000000	0.000000	-1.000000	
0.052000	0.000000	0.000000	0.000000	0.992197	-0.124678	0.000000	0.124678	0.992197	0.000000	0.000000	0.000000	1.000000	0.000000	0.000000	0.000000	0.992197	-0.000000	0.124678	0.124678	0.000000	-0.992197	0.000000	1.000000	0.000000	0.182564	0.022941	0.000000	0.992197	0.000000	-0.124678	0.124678	-0.000000	0.992197	0.000000	-1.000000	-0.000000	0.284761	0.035783	-0.196000	0.992197	0.124678	0.000000	0.124678	-0.992197	-0.000000	0.000000	0.000000	-1.000000	0.284761	0.035783	-0.196000	0.992197	0.000000	-0.124678	0.124678	-0.000000	0.992197	0.000000	-1.000000	-0.000000	0.284761	0.035783	-0.254000	0.992197	0.124678	0.000000	0.124678	-0.992197	-0.000000	0.000000	0.000000	-1.000000	
0.053000	0.000000	0.000000	0.000000	0.991900	-0.127018	0.000000	0.127018	0.991900	0.000000	0.000000	0.000000	1.000000	0.000000	0.000000	0.000000	0.991900	-0.000000	0.127018	0.127018	0.000000	-0.991900	0.000000	1.000000	0.000000	0.182510	0.023371	0.000000	0.991900	0.000000	-0.127018	0.127018	-0.000000	0.991900	0.000000	-1.000000	-0.000000	0.284675	0.036454	-0.196000	0.991900	0.127018	0.000000	0.127018	-0.991900	-0.000000	0.000000	0.000000	-1.000000	0.284675	0.036454	-0.196000	0.991900	0.000000	-0.127018	0.127018	-0.000000	0.991900	0.000000	-1.000000	-0.000000	0.284675	0.036454	-0.254000	0.991900	0.127018	0.000000	0.127018	-0.991900	-0.000000	0.000000	0.000000	-1.000000	
0.054000	0.000000	0.000000	0.000000	0.991598	-0.129357	0.000000	0.129357	0.991598	0.000000	0.000000	0.000000	1.000000	0.000000	0.000000	0.000000	0.991598	-0.000000	0.129357	0.129357	0.000000	-0.991598	0.000000	1.000000	0.000000	0.182454	0.023802	0.000000	0.991598	0.000000	-0.129357	0.129357	-0.000000	0.991598	0.000000	-1.000000	-0.000000	0.284589	0.037125	-0.196000	0.991598	0.129357	0.000000	0.129357	-0.991598	-0.000000	0.000000	0.000000	-1.000000	0.284589	0.037125	-0.196000	0.991598	0.000000	-0.129357	0.129357	-0.000000	0.991598	0.000000	-1.000000	-0.000000	0.284589	0.037125	-0.254000	0.991598	0.129357	0.000000	0.129357	-0.991598	-0.000000	0.000000	0.000000	-1.000000	
0.055000	0.000000	0.000000	0.000000	0.991290	-0.131695	0.000000	0.131695	0.991290	0.000000	0.000000	0.000000	1.000000	0.000000	0.000000	0.000000	0.991290	-0.000000	0.131695	0.131695	0.000000	-0.991290	0.000000	1.000000	0.000000	0.182397	0.024232	0.000000	0.991290	0.000000	-0.131695	0.131695	-0.000000	0.991290	0.000000	-1.000000	-0.000000	0.284500	0.037797	-0.196000	0.991290	0.131695	0.000000	0.131695	-0.991290	-0.000000	0.000000	0.000000	-1.000000	0.284500	0.037797	-0.196000	0.991290	0.000000	-0.131695	0.131695	-0.000000	0.991290	0.000000	-1.000000	-0.000000	0.284500	0.037797	-0.254000	0.991290	0.131695	0.000000	0.131695	-0.991290	-0.000000	0.000000	0.000000	-1.000000	
0.056000	0.000000	0.000000	0.000000	0.990977	-0.134033	0.000000	0.134033	0.990977	0.000000	0.000000	0.000000	1.000000	0.000000	0.000000	0.000000	0.990977	-0.000000	0.134033	0.134033	0.000000	-0.990977	0.000000	1.000000	0.000000	0.182340	0.024662	0.000000	0.990977	0.000000	-0.134033	0.134033	-0.000000	0.990977	0.000000	-1.000000	-0.000000	0.284410	0.038467	-0.196000	0.990977	0.134033	0.000000	0.134033	-0.990977	-0.000000	0.000000	0.000000	-1.000000	0.284410	0.038467	-0.196000	0.990977	0.000000	-0.134033	0.134033	-0.000000	0.990977	0.000000	-1.000000	-0.000000	0.284410	0.038467	-0.254000	0.990977	0.134033	0.000000	0.134033	-0.990977	-0.000000	0.000000	0.000000	-1.000000	
0.057000	0.000000	0.000000	0.000000	0.990658	-0.136370	0.000000	0.136370	0.990658	0.000000	0.000000	0.000000	1.000000	0.000000	0.000000	0.000000	0.990658	-0.000000	0.136370	0.136370	0.000000	-0.990658	0.000000	1.000000	0.000000	0.182281	0.025092	0.000000	0.990658	0.000000	-0.136370	0.136370	-0.000000	0.990658	0.000000	-1.000000	-0.000000	0.284319	0.039138	-0.196000	0.990658	0.136370	0.000000	0.136370	-0.990658	-0.000000	0.000000	0.000000	-1.000000	0.284319	0.039138	-0.196000	0.990658	0.000000	-0.136370	0.136370	-0.000000	0.990658	0.000000	-1.000000	-0.000000	0.284319	0.039138	-0.254000	0.990658	0.136370	0.000000	0.136370	-0.990658	-0.000000	0.000000	0.000000	-1.000000	
