# time	B0_r_i(1)	B0_r_i(2)	B0_r_i(3)	0_A_i(1,1)	0_A_i(1,2)	0_A_i(1,3)	0_A_i(2,1)	...
0.000000	0.000000	0.000000	0.000000	0.894393	0.447281	0.000000	-0.447281	0.894393	0.000000	0.000000	0.000000	1.000000	0.000000	0.000000	0.000000	0.527250	-0.722459	-0.447281	-0.263675	0.361298	-0.894393	0.807764	0.589506	0.000000	0.097014	-0.048516	0.148629	0.893318	0.043857	0.447281	-0.446743	-0.021933	0.894393	0.049036	-0.998797	-0.000000	0.197622	-0.098829	-0.042085	0.893318	-0.447281	0.043857	-0.446743	-0.894393	-0.021933	0.049036	0.000000	-0.998797	0.197622	-0.098829	-0.042085	0.893415	0.041832	0.447281	-0.446792	-0.020920	0.894393	0.046771	-0.998906	-0.000000	0.200048	-0.100043	-0.100021	0.855567	-0.515999	0.041832	-0.515588	-0.856581	-0.020920	0.046627	-0.003670	-0.998906	
0.010000	0.000000	0.000000	0.000000	0.896228	0.443594	0.000000	-0.443594	0.896228	0.000000	0.000000	0.000000	1.000000	0.000000	0.000000	0.000000	0.527110	-0.724830	-0.443594	-0.260897	0.358760	-0.896228	0.808757	0.588143	0.000000	0.096988	-0.048005	0.148811	0.895012	0.046662	0.443594	-0.442993	-0.023096	0.896228	0.052065	-0.998644	-0.000000	0.198320	-0.098160	-0.041560	0.895012	-0.443594	0.046662	-0.442992	-0.896228	-0.023096	0.052065	0.000000	-0.998644	0.198320	-0.098160	-0.041560	0.895329	0.040138	0.443594	-0.443149	-0.019866	0.896228	0.044785	-0.998997	-0.000000	0.200648	-0.099312	-0.099502	0.819428	-0.571775	0.040138	-0.571468	-0.820384	-0.019866	0.044287	-0.006658	-0.998997	
0.020000	0.000000	0.000000	0.000000	0.899633	0.436648	0.000000	-0.436648	0.899633	0.000000	0.000000	0.000000	1.000000	0.000000	0.000000	0.000000	0.526489	-0.729485	-0.436648	-0.255538	0.354064	-0.899633	0.810870	0.585227	0.000000	0.096874	-0.047019	0.149200	0.898155	0.051538	0.436648	-0.435930	-0.025015	0.899633	0.057288	-0.998358	-0.000000	0.199485	-0.096823	-0.040577	0.898151	-0.436656	0.051538	-0.435938	-0.899629	-0.025015	0.057288	-0.000001	-0.998358	0.199485	-0.096823	-0.040577	0.898805	0.038493	0.436656	-0.436256	-0.018683	0.899629	0.042788	-0.999084	0.000001	0.201718	-0.097906	-0.098524	0.786284	-0.616665	0.038493	-0.616448	-0.787174	-0.018683	0.041822	-0.009039	-0.999084	
0.030000	0.000000	0.000000	0.000000	0.904365	0.426760	0.000000	-0.426760	0.904365	0.000000	0.000000	0.000000	1.000000	0.000000	0.000000	0.000000	0.525363	-0.736118	-0.426760	-0.247913	0.347366	-0.904365	0.813961	0.580919	0.000000	0.096667	-0.045616	0.149769	0.902483	0.058310	0.426760	-0.425872	-0.027516	0.904365	0.064476	-0.997919	-0.000000	0.201051	-0.094874	-0.039182	0.902463	-0.426803	0.058310	-0.425915	-0.904345	-0.027516	0.064476	-0.000003	-0.997919	0.201051	-0.094874	-0.039182	0.903584	0.037084	0.426803	-0.426444	-0.017498	0.904345	0.041005	-0.999159	0.000003	0.203202	-0.095889	-0.097134	0.756942	-0.652429	0.037084	-0.652286	-0.757771	-0.017498	0.039517	-0.010944	-0.999159	
0.040000	0.000000	0.000000	0.000000	0.910211	0.414145	0.000000	-0.414145	0.910211	0.000000	0.000000	0.000000	1.000000	0.000000	0.000000	0.000000	0.523679	-0.744476	-0.414145	-0.238273	0.338736	-0.910211	0.817916	0.575338	0.000000	0.096357	-0.043842	0.150496	0.907750	0.066884	0.414145	-0.413025	-0.030432	0.910211	0.073482	-0.997297	-0.000000	0.202964	-0.092349	-0.037405	0.907693	-0.414271	0.066884	-0.413152	-0.910154	-0.030432	0.073482	-0.000010	-0.997297	0.202964	-0.092349	-0.037405	0.909436	0.036135	0.414271	-0.413945	-0.016436	0.910154	0.039698	-0.999212	0.000010	0.205060	-0.093302	-0.095359	0.731846	-0.680511	0.036135	-0.680429	-0.732630	-0.016436	0.037659	-0.012559	-0.999212	
0.050000	0.000000	0.000000	0.000000	0.916964	0.398969	0.000000	-0.398969	0.916964	0.000000	0.000000	0.000000	1.000000	0.000000	0.000000	0.000000	0.521367	-0.754321	-0.398969	-0.226846	0.328203	-0.916964	0.822628	0.568580	0.000000	0.095932	-0.041740	0.151364	0.913708	0.077204	0.398969	-0.397553	-0.033591	0.916964	0.084195	-0.996449	-0.000000	0.205176	-0.089271	-0.035268	0.913585	-0.399251	0.077204	-0.397836	-0.916842	-0.033591	0.084195	-0.000026	-0.996449	0.205176	-0.089271	-0.035268	0.916138	0.035914	0.399251	-0.398946	-0.015611	0.916842	0.039160	-0.999233	0.000026	0.207259	-0.090177	-0.093224	0.711167	-0.702105	0.035914	-0.702074	-0.711933	-0.015611	0.036529	-0.014112	-0.999233	
0.060000	0.000000	0.000000	0.000000	0.924417	0.381383	0.000000	-0.381383	0.924417	0.000000	0.000000	0.000000	1.000000	0.000000	0.000000	0.000000	0.518351	-0.765414	-0.381383	-0.213854	0.315783	-0.924417	0.827997	0.560733	0.000000	0.095377	-0.039349	0.152351	0.920101	0.089230	0.381383	-0.379602	-0.036813	0.924417	0.096526	-0.995331	-0.000000	0.207636	-0.085663	-0.032791	0.919879	-0.381918	0.089230	-0.380140	-0.924196	-0.036813	0.096525	-0.000056	-0.995331	0.207636	-0.085663	-0.032791	0.923466	0.036719	0.381918	-0.381619	-0.015113	0.924196	0.039707	-0.999211	0.000056	0.209766	-0.086540	-0.090746	0.694878	-0.718190	0.036719	-0.718206	-0.695666	-0.015113	0.036398	-0.015870	-0.999211	
0.070000	0.000000	0.000000	0.000000	0.932358	0.361536	0.000000	-0.361536	0.932358	0.000000	0.000000	0.000000	1.000000	0.000000	0.000000	0.000000	0.514556	-0.777511	-0.361536	-0.199527	0.301492	-0.932358	0.833919	0.551887	0.000000	0.094678	-0.036713	0.153441	0.926660	0.102919	0.361536	-0.359327	-0.039909	0.932358	0.110386	-0.993889	-0.000000	0.210297	-0.081546	-0.029991	0.926305	-0.362445	0.102919	-0.360241	-0.932005	-0.039909	0.110386	-0.000108	-0.993889	0.210297	-0.081546	-0.029991	0.931194	0.038881	0.362445	-0.362134	-0.015004	0.932005	0.041675	-0.999131	0.000108	0.212552	-0.082416	-0.087941	0.682805	-0.729566	0.038881	-0.729637	-0.683670	-0.015004	0.037528	-0.018124	-0.999131	
0.080000	0.000000	0.000000	0.000000	0.940573	0.339591	0.000000	-0.339591	0.940573	0.000000	0.000000	0.000000	1.000000	0.000000	0.000000	0.000000	0.509915	-0.790357	-0.339591	-0.184103	0.285356	-0.940573	0.840293	0.542132	0.000000	0.093824	-0.033875	0.154614	0.933114	0.118220	0.339591	-0.336898	-0.042683	0.940573	0.125689	-0.992070	-0.000000	0.213106	-0.076941	-0.026886	0.932596	-0.341011	0.118220	-0.338330	-0.940059	-0.042683	0.125689	-0.000191	-0.992070	0.213106	-0.076941	-0.026886	0.939086	0.042755	0.341011	-0.340668	-0.015306	0.940059	0.045412	-0.998968	0.000191	0.215586	-0.077829	-0.084826	0.674669	-0.736881	0.042755	-0.737027	-0.675690	-0.015306	0.040168	-0.021185	-0.998968	
0.090000	0.000000	0.000000	0.000000	0.948850	0.315727	0.000000	-0.315727	0.948850	0.000000	0.000000	0.000000	1.000000	0.000000	0.000000	0.000000	0.504378	-0.803691	-0.315727	-0.167830	0.267426	-0.948850	0.847016	0.531567	0.000000	0.092806	-0.030881	0.155851	0.939189	0.135058	0.315727	-0.312512	-0.044940	0.948850	0.142338	-0.989818	-0.000000	0.216013	-0.071878	-0.023493	0.938488	-0.317805	0.135058	-0.314612	-0.948156	-0.044940	0.142338	-0.000315	-0.989818	0.216013	-0.071878	-0.023493	0.946904	0.048710	0.317805	-0.317403	-0.015995	0.948156	0.051268	-0.998685	0.000315	0.218838	-0.072805	-0.081416	0.670115	-0.740657	0.048710	-0.740919	-0.671404	-0.015995	0.044551	-0.025372	-0.998685	
0.100000	0.000000	0.000000	0.000000	0.956985	0.290138	0.000000	-0.290138	0.956985	0.000000	0.000000	0.000000	1.000000	0.000000	0.000000	0.000000	0.497918	-0.817250	-0.290138	-0.150958	0.247773	-0.956985	0.853985	0.520298	0.000000	0.091617	-0.027776	0.157133	0.944621	0.153333	0.290138	-0.286389	-0.046487	0.956985	0.160225	-0.987081	-0.000000	0.218966	-0.066386	-0.019831	0.943730	-0.293023	0.153333	-0.289312	-0.956105	-0.046487	0.160224	-0.000490	-0.987081	0.218966	-0.066386	-0.019831	0.954398	0.057120	0.293023	-0.292530	-0.016995	0.956105	0.059592	-0.998223	0.000490	0.222279	-0.067372	-0.077728	0.668734	-0.741305	0.057120	-0.741758	-0.670452	-0.016995	0.050894	-0.031004	-0.998223	
0.110000	0.000000	0.000000	0.000000	0.964786	0.263038	0.000000	-0.263038	0.964786	0.000000	0.000000	0.000000	1.000000	0.000000	0.000000	0.000000	0.490536	-0.830774	-0.263038	-0.133739	0.226501	-0.964786	0.861097	0.508441	0.000000	0.090259	-0.024608	0.158442	0.949164	0.172913	0.263038	-0.258779	-0.047143	0.964786	0.179224	-0.983808	-0.000000	0.221914	-0.060502	-0.015924	0.948094	-0.266869	0.172913	-0.262673	-0.963733	-0.047143	0.179223	-0.000724	-0.983808	0.221914	-0.060502	-0.015924	0.961306	0.068349	0.266869	-0.266250	-0.018178	0.963733	0.070722	-0.997496	0.000724	0.225878	-0.061556	-0.073779	0.670074	-0.739141	0.068349	-0.739914	-0.672455	-0.018178	0.059398	-0.038392	-0.997496	
0.120000	0.000000	0.000000	0.000000	0.972078	0.234656	0.000000	-0.234656	0.972078	0.000000	0.000000	0.000000	1.000000	0.000000	0.000000	0.000000	0.482270	-0.844009	-0.234656	-0.116418	0.203741	-0.972078	0.868252	0.496123	0.000000	0.088738	-0.021421	0.159758	0.952598	0.193631	0.234656	-0.229954	-0.046742	0.972078	0.199193	-0.979960	-0.000000	0.224807	-0.054268	-0.011797	0.951379	-0.239551	0.193631	-0.234949	-0.970883	-0.046742	0.199190	-0.001024	-0.979960	0.224807	-0.054268	-0.011797	0.967352	0.082739	0.239551	-0.238769	-0.019364	0.970883	0.084969	-0.996383	0.001024	0.229606	-0.055391	-0.069587	0.673655	-0.734400	0.082739	-0.735701	-0.677030	-0.019364	0.070237	-0.047827	-0.996383	
0.130000	0.000000	0.000000	0.000000	0.978713	0.205234	0.000000	-0.205234	0.978713	0.000000	0.000000	0.000000	1.000000	0.000000	0.000000	0.000000	0.473193	-0.856719	-0.205234	-0.099227	0.179652	-0.978713	0.875353	0.483485	0.000000	0.087068	-0.018258	0.161065	0.954742	0.215284	0.205234	-0.200207	-0.045144	0.978713	0.219966	-0.975507	-0.000000	0.227602	-0.047727	-0.007478	0.953423	-0.211278	0.215284	-0.206403	-0.977425	-0.045144	0.219962	-0.001393	-0.975507	0.227602	-0.047727	-0.007478	0.972236	0.100590	0.211278	-0.210302	-0.020325	0.977425	0.102613	-0.994720	0.001393	0.233436	-0.048906	-0.065172	0.678973	-0.727239	0.100590	-0.729392	-0.683794	-0.020325	0.083564	-0.059569	-0.994720	
0.140000	0.000000	0.000000	0.000000	0.984565	0.175017	0.000000	-0.175017	0.984565	0.000000	0.000000	0.000000	1.000000	0.000000	0.000000	0.000000	0.463418	-0.868684	-0.175017	-0.082378	0.154418	-0.984565	0.882302	0.470683	0.000000	0.085269	-0.015157	0.162344	0.955457	0.237635	0.175017	-0.169843	-0.042242	0.984565	0.241360	-0.970436	-0.000000	0.230257	-0.040931	-0.003002	0.954103	-0.182255	0.237635	-0.177301	-0.983250	-0.042242	0.241353	-0.001830	-0.970436	0.230257	-0.040931	-0.003002	0.975635	0.122145	0.182255	-0.181074	-0.020794	0.983250	0.123889	-0.992294	0.001830	0.237342	-0.042137	-0.060555	0.685507	-0.717747	0.122145	-0.721236	-0.692377	-0.020794	0.099496	-0.073841	-0.992294	
0.150000	0.000000	0.000000	0.000000	0.989540	0.144256	0.000000	-0.144256	0.989540	0.000000	0.000000	0.000000	1.000000	0.000000	0.000000	0.000000	0.453099	-0.879711	-0.144256	-0.066053	0.128245	-0.989540	0.889010	0.457888	0.000000	0.083370	-0.012154	0.163578	0.954659	0.260417	0.144256	-0.139171	-0.037964	0.989540	0.263169	-0.964750	-0.000000	0.232742	-0.033929	0.001593	0.953347	-0.152684	0.260417	-0.147907	-0.988272	-0.037964	0.263159	-0.002325	-0.964750	0.232742	-0.033929	0.001593	0.977194	0.147577	0.152684	-0.151323	-0.020474	0.988272	0.148973	-0.988839	0.002325	0.241301	-0.035117	-0.055759	0.692719	-0.705948	0.147577	-0.711470	-0.702418	-0.020474	0.118115	-0.090814	-0.988839	
0.160000	0.000000	0.000000	0.000000	0.993573	0.113196	0.000000	-0.113196	0.993573	0.000000	0.000000	0.000000	1.000000	0.000000	0.000000	0.000000	0.442425	-0.889633	-0.113196	-0.050405	0.101354	-0.993573	0.895388	0.445287	0.000000	0.081406	-0.009274	0.164751	0.952316	0.283340	0.113196	-0.108496	-0.032280	0.993573	0.285173	-0.958476	-0.000000	0.235029	-0.026776	0.006263	0.951131	-0.122756	0.283340	-0.118471	-0.992433	-0.032280	0.285158	-0.002865	-0.958476	0.235029	-0.026776	0.006263	0.976531	0.176968	0.122756	-0.121303	-0.019049	0.992433	0.177968	-0.984032	0.002865	0.245293	-0.027881	-0.050811	0.700062	-0.691806	0.176968	-0.700332	-0.713563	-0.019049	0.139456	-0.110601	-0.984032	
0.170000	0.000000	0.000000	0.000000	0.996626	0.082072	0.000000	-0.082072	0.996626	0.000000	0.000000	0.000000	1.000000	0.000000	0.000000	0.000000	0.431620	-0.898314	-0.082072	-0.035544	0.073976	-0.996626	0.901355	0.433081	0.000000	0.079418	-0.006540	0.165849	0.948455	0.306101	0.082072	-0.078105	-0.025207	0.996626	0.307137	-0.951665	-0.000000	0.237105	-0.019525	0.010958	0.947479	-0.092655	0.306101	-0.089226	-0.995692	-0.025207	0.307118	-0.003429	-0.951665	0.237105	-0.019525	0.010958	0.973237	0.210299	0.092655	-0.091291	-0.016203	0.995692	0.210894	-0.977503	0.003429	0.249302	-0.020465	-0.045737	0.706987	-0.675236	0.210299	-0.688066	-0.725467	-0.016203	0.163506	-0.133244	-0.977503	
0.180000	0.000000	0.000000	0.000000	0.998693	0.051106	0.000000	-0.051106	0.998693	0.000000	0.000000	0.000000	1.000000	0.000000	0.000000	0.000000	0.420937	-0.905649	-0.051106	-0.021540	0.046344	-0.998693	0.906834	0.421488	0.000000	0.077452	-0.003963	0.166857	0.943157	0.328395	0.051106	-0.048264	-0.016805	0.998693	0.328824	-0.944391	-0.000000	0.238963	-0.012228	0.015626	0.942467	-0.062551	0.328395	-0.060383	-0.998034	-0.016805	0.328800	-0.003992	-0.944391	0.238963	-0.012228	0.015626	0.966883	0.247436	0.062551	-0.061589	-0.011633	0.998034	0.247677	-0.968835	0.003992	0.253314	-0.012903	-0.040567	0.712948	-0.656110	0.247436	-0.674932	-0.737788	-0.011633	0.190187	-0.158709	-0.968835	
0.190000	0.000000	0.000000	0.000000	0.999790	0.020503	0.000000	-0.020503	0.999790	0.000000	0.000000	0.000000	1.000000	0.000000	0.000000	0.000000	0.410650	-0.911562	-0.020503	-0.008421	0.018694	-0.999790	0.911754	0.410737	0.000000	0.075560	-0.001550	0.167763	0.936554	0.349925	0.020503	-0.019206	-0.007176	0.999790	0.349998	-0.936750	-0.000000	0.240610	-0.004934	0.020209	0.936210	-0.032604	0.349925	-0.032125	-0.999458	-0.007176	0.349969	-0.004523	-0.936750	0.240610	-0.004934	0.020209	0.957038	0.288125	0.032604	-0.032524	-0.005066	0.999458	0.288134	-0.957579	0.004523	0.257321	-0.005228	-0.035330	0.717413	-0.634273	0.288125	-0.661211	-0.750183	-0.005066	0.219360	-0.186877	-0.957579	
0.200000	0.000000	0.000000	0.000000	0.999954	-0.009551	0.000000	0.009551	0.999954	0.000000	0.000000	0.000000	1.000000	0.000000	0.000000	0.000000	0.401049	-0.916007	0.009551	0.003831	-0.008749	-0.999954	0.916048	0.401068	0.000000	0.073793	0.000705	0.168553	0.928816	0.370417	-0.009551	0.008872	0.003538	0.999954	0.370434	-0.928859	-0.000000	0.242063	0.002312	0.024651	0.928861	-0.002963	0.370417	-0.004601	-0.999983	0.003538	0.370401	-0.004991	-0.928859	0.242063	0.002312	0.024651	0.943278	0.331989	0.002963	-0.004452	0.003724	0.999983	0.331973	-0.943276	0.004991	0.261318	0.002528	-0.030059	0.719879	-0.609555	0.331989	-0.647201	-0.762310	0.003724	0.250809	-0.217545	-0.943276	
0.210000	0.000000	0.000000	0.000000	0.999243	-0.038893	0.000000	0.038893	0.999243	0.000000	0.000000	0.000000	1.000000	0.000000	0.000000	0.000000	0.392430	-0.918959	0.038893	0.015274	-0.035768	-0.999243	0.919655	0.392727	0.000000	0.072207	0.002810	0.169217	0.920148	0.389635	-0.038893	0.035815	0.015166	0.999243	0.389930	-0.920844	-0.000000	0.243351	0.009472	0.028894	0.920595	0.026237	0.389635	0.022071	-0.999641	0.015166	0.389894	-0.005362	-0.920844	0.243351	0.009472	0.028894	0.925217	0.378530	-0.026237	0.022251	0.014899	0.999641	0.378785	-0.925469	0.005362	0.265306	0.010336	-0.024783	0.719885	-0.581792	0.378530	-0.633221	-0.773828	0.014899	0.284249	-0.250418	-0.925469	
0.220000	0.000000	0.000000	0.000000	0.997727	-0.067382	0.000000	0.067382	0.997727	0.000000	0.000000	0.000000	1.000000	0.000000	0.000000	0.000000	0.385084	-0.920418	0.067382	0.026007	-0.062161	-0.997727	0.922515	0.385962	0.000000	0.070856	0.004785	0.169743	0.910766	0.407388	-0.067382	0.061509	0.027513	0.997727	0.408316	-0.912841	-0.000000	0.244512	0.016513	0.032883	0.911605	0.054870	0.407388	0.047804	-0.998478	0.027513	0.408278	-0.005606	-0.912841	0.244512	0.016513	0.032883	0.902522	0.427133	-0.054870	0.047194	0.028547	0.998478	0.428049	-0.903738	0.005606	0.269286	0.018169	-0.019534	0.717028	-0.550843	0.427133	-0.619603	-0.784396	0.028547	0.319317	-0.285122	-0.903738	
0.230000	0.000000	0.000000	0.000000	0.995487	-0.094898	0.000000	0.094898	0.995487	0.000000	0.000000	0.000000	1.000000	0.000000	0.000000	0.000000	0.379296	-0.920396	0.094898	0.036158	-0.087740	-0.995487	0.924569	0.381016	0.000000	0.069791	0.006653	0.170121	0.900892	0.423543	-0.094898	0.085880	0.040376	0.995487	0.425463	-0.904976	-0.000000	0.245597	0.023412	0.036568	0.902082	0.082826	0.423543	0.072542	-0.996548	0.040376	0.425425	-0.005697	-0.904976	0.245597	0.023412	0.036568	0.874946	0.477084	-0.082826	0.069980	0.044670	0.996548	0.479137	-0.877722	0.005697	0.273268	0.026003	-0.014340	0.710986	-0.516614	0.477084	-0.606682	-0.793689	0.044670	0.355579	-0.321198	-0.877722	
0.240000	0.000000	0.000000	0.000000	0.992610	-0.121345	0.000000	0.121345	0.992610	0.000000	0.000000	0.000000	1.000000	0.000000	0.000000	0.000000	0.375328	-0.918915	0.121345	0.045883	-0.112336	-0.992610	0.925756	0.378122	0.000000	0.069060	0.008443	0.170339	0.890731	0.438034	-0.121345	0.108891	0.053549	0.992610	0.441295	-0.897362	-0.000000	0.246660	0.030154	0.039909	0.892203	0.110002	0.438034	0.096253	-0.993915	0.053549	0.441259	-0.005615	-0.897362	0.246660	0.030154	0.039909	0.842349	0.527586	-0.110002	0.090226	0.063177	0.993915	0.531326	-0.847149	0.005615	0.277260	0.033818	-0.009225	0.701527	-0.479075	0.527586	-0.594788	-0.801396	0.063177	0.392539	-0.358122	-0.847149	
0.250000	0.000000	0.000000	0.000000	0.989189	-0.146648	0.000000	0.146648	0.989189	0.000000	0.000000	0.000000	1.000000	0.000000	0.000000	0.000000	0.373411	-0.916001	0.146648	0.055359	-0.135798	-0.989189	0.926013	0.377492	0.000000	0.068708	0.010186	0.170386	0.880461	0.450868	-0.146648	0.130529	0.066842	0.989189	0.455796	-0.890084	-0.000000	0.247765	0.036731	0.042877	0.882121	0.136312	0.450868	0.118919	-0.990652	0.066842	0.455765	-0.005346	-0.890084	0.247765	0.036731	0.042877	0.804728	0.577781	-0.136312	0.107579	0.083883	0.990652	0.583814	-0.811870	0.005346	0.281277	0.041597	-0.004212	0.688534	-0.438281	0.577781	-0.584233	-0.807240	0.083883	0.429644	-0.395315	-0.811870	
0.260000	0.000000	0.000000	0.000000	0.985314	-0.170753	0.000000	0.170753	0.985314	0.000000	0.000000	0.000000	1.000000	0.000000	0.000000	0.000000	0.373737	-0.911682	0.170753	0.064768	-0.157993	-0.985314	0.925271	0.379307	0.000000	0.068768	0.011917	0.170250	0.870216	0.462134	-0.170753	0.150807	0.080087	0.985314	0.469022	-0.883187	-0.000000	0.248978	0.043147	0.045454	0.871948	0.161679	0.462134	0.140534	-0.986831	0.080087	0.468996	-0.004886	-0.883187	0.248978	0.043147	0.045454	0.762241	0.626776	-0.161679	0.121735	0.106510	0.986831	0.635743	-0.771885	0.004886	0.285331	0.049325	0.000685	0.672017	-0.394392	0.626776	-0.575290	-0.810985	0.106510	0.466299	-0.432155	-0.771885	
0.270000	0.000000	0.000000	0.000000	0.981076	-0.193624	0.000000	0.193624	0.981076	0.000000	0.000000	0.000000	1.000000	0.000000	0.000000	0.000000	0.376444	-0.905980	0.193624	0.074295	-0.178803	-0.981076	0.923456	0.383705	0.000000	0.069266	0.013670	0.169916	0.860073	0.472000	-0.193624	0.169743	0.093153	0.981076	0.481104	-0.876663	-0.000000	0.250365	0.049412	0.047644	0.861746	0.186039	0.472000	0.161093	-0.982533	0.093153	0.481086	-0.004239	-0.876663	0.250365	0.049412	0.047644	0.715226	0.673677	-0.186039	0.132465	0.130696	0.982533	0.686225	-0.727377	0.004239	0.289439	0.056992	0.005456	0.652129	-0.347688	0.673677	-0.568183	-0.812457	0.130696	0.501892	-0.468003	-0.727377	
0.280000	0.000000	0.000000	0.000000	0.976560	-0.215246	0.000000	0.215246	0.976560	0.000000	0.000000	0.000000	1.000000	0.000000	0.000000	0.000000	0.381604	-0.898914	0.215246	0.084110	-0.198132	-0.976560	0.920491	0.390764	0.000000	0.070215	0.015476	0.169370	0.850046	0.480719	-0.215246	0.187361	0.105956	0.976560	0.492257	-0.870450	-0.000000	0.251991	0.055542	0.049465	0.851519	0.209344	0.480719	0.180582	-0.977836	0.105956	0.492245	-0.003415	-0.870450	0.251991	0.055542	0.049465	0.664221	0.717625	-0.209344	0.139638	0.156006	0.977836	0.734379	-0.678731	0.003415	0.293613	0.064590	0.010098	0.629177	-0.298581	0.717625	-0.563066	-0.811553	0.156006	0.535811	-0.502226	-0.678731	
0.290000	0.000000	0.000000	0.000000	0.971845	-0.235621	0.000000	0.235621	0.971845	0.000000	0.000000	0.000000	1.000000	0.000000	0.000000	0.000000	0.389209	-0.890505	0.235621	0.094363	-0.215900	-0.971845	0.916304	0.400484	0.000000	0.071614	0.017363	0.168600	0.840080	0.488618	-0.235621	0.203675	0.118464	0.971845	0.502774	-0.864418	-0.000000	0.253912	0.061560	0.050960	0.841210	0.231555	0.488618	0.198972	-0.972819	0.118464	0.502768	-0.002432	-0.864418	0.253912	0.061560	0.050960	0.609970	0.757839	-0.231555	0.143239	0.181950	0.972819	0.779371	-0.626558	0.002432	0.297867	0.072113	0.014619	0.603625	-0.247624	0.757839	-0.560007	-0.808262	0.181950	0.567477	-0.534224	-0.626558	
0.300000	0.000000	0.000000	0.000000	0.967002	-0.254767	0.000000	0.254767	0.967002	0.000000	0.000000	0.000000	1.000000	0.000000	0.000000	0.000000	0.399156	-0.880777	0.254767	0.105162	-0.232050	-0.967002	0.910832	0.412777	0.000000	0.073445	0.019350	0.167593	0.830053	0.496091	-0.254767	0.218686	0.130700	0.967002	0.513019	-0.858377	-0.000000	0.256174	0.067492	0.052192	0.830701	0.252645	0.496091	0.216215	-0.967558	0.130700	0.513017	-0.001311	-0.858377	0.256174	0.067492	0.052192	0.553416	0.793663	-0.252645	0.143394	0.208013	0.967558	0.820469	-0.571690	0.001311	0.302206	0.079556	0.019034	0.576087	-0.195505	0.793663	-0.558975	-0.802669	0.208013	0.596381	-0.563471	-0.571690	
0.310000	0.000000	0.000000	0.000000	0.962094	-0.272717	0.000000	0.272717	0.962094	0.000000	0.000000	0.000000	1.000000	0.000000	0.000000	0.000000	0.411247	-0.869771	0.272717	0.116573	-0.246547	-0.962094	0.904039	0.427450	0.000000	0.075669	0.021449	0.166343	0.819785	0.503566	-0.272717	0.232378	0.142742	0.962094	0.523406	-0.852083	-0.000000	0.258806	0.073362	0.053246	0.819823	0.272601	0.503566	0.232242	-0.962127	0.142742	0.523406	-0.000074	-0.852083	0.258806	0.073362	0.053246	0.495671	0.824620	-0.272601	0.140374	0.233681	0.962127	0.857091	-0.515165	0.000074	0.306634	0.086915	0.023366	0.547306	-0.143028	0.824620	-0.559835	-0.794971	0.233681	0.622126	-0.589546	-0.515165	
0.320000	0.000000	0.000000	0.000000	0.957173	-0.289516	0.000000	0.289516	0.957173	0.000000	0.000000	0.000000	1.000000	0.000000	0.000000	0.000000	0.425186	-0.857553	0.289516	0.128606	-0.259384	-0.957173	0.895923	0.444210	0.000000	0.078234	0.023663	0.164850	0.809057	0.511476	-0.289516	0.244715	0.154706	0.957173	0.534361	-0.845256	-0.000000	0.261816	0.079191	0.054219	0.808374	0.291417	0.511476	0.246965	-0.956595	0.154706	0.534359	0.001257	-0.845256	0.261816	0.079191	0.054219	0.437954	0.850454	-0.291417	0.134586	0.258481	0.956595	0.888866	-0.458166	-0.001257	0.311143	0.094183	0.027645	0.518106	-0.091070	0.850454	-0.562352	-0.785461	0.258481	0.644458	-0.612175	-0.458166	
0.330000	0.000000	0.000000	0.000000	0.952283	-0.305216	0.000000	0.305216	0.952283	0.000000	0.000000	0.000000	1.000000	0.000000	0.000000	0.000000	0.440604	-0.844222	0.305216	0.141218	-0.270582	-0.952283	0.886524	0.462682	0.000000	0.081071	0.025984	0.163121	0.797639	0.520206	-0.305216	0.255652	0.166731	0.952283	0.546273	-0.837607	-0.000000	0.265188	0.084996	0.055216	0.796144	0.309096	0.520206	0.260285	-0.951027	0.166731	0.546266	0.002660	-0.837607	0.265188	0.084996	0.055216	0.381500	0.871158	-0.309096	0.126553	0.282014	0.951027	0.915665	-0.401934	-0.002660	0.315716	0.101352	0.031903	0.489327	-0.040519	0.871158	-0.566209	-0.774517	0.282014	0.663300	-0.631255	-0.401934	
0.340000	0.000000	0.000000	0.000000	0.947459	-0.319878	0.000000	0.319878	0.947459	0.000000	0.000000	0.000000	1.000000	0.000000	0.000000	0.000000	0.457086	-0.829910	0.319878	0.154320	-0.280192	-0.947459	0.875933	0.482433	0.000000	0.084104	0.028395	0.161172	0.785319	0.530049	-0.319878	0.265137	0.178953	0.947459	0.559442	-0.828869	-0.000000	0.268881	0.090779	0.056336	0.782944	0.325649	0.530049	0.272102	-0.945482	0.178953	0.559427	0.004117	-0.828869	0.268881	0.090779	0.056336	0.327447	0.886979	-0.325649	0.116864	0.303985	0.945482	0.937615	-0.347651	-0.004117	0.320326	0.108410	0.036172	0.461744	0.007807	0.886979	-0.571041	-0.762565	0.303985	0.678753	-0.646864	-0.347651	
0.350000	0.000000	0.000000	0.000000	0.942729	-0.333559	0.000000	0.333559	0.942729	0.000000	0.000000	0.000000	1.000000	0.000000	0.000000	0.000000	0.474216	-0.814774	0.333559	0.167789	-0.288286	-0.942729	0.864272	0.503025	0.000000	0.087256	0.030873	0.159026	0.771933	0.541163	-0.333559	0.273128	0.191476	0.942729	0.574039	-0.818828	-0.000000	0.272833	0.096535	0.057662	0.768635	0.341090	0.541163	0.282332	-0.940014	0.191476	0.574011	0.005612	-0.818828	0.272833	0.096535	0.057662	0.276724	0.898377	-0.341090	0.106113	0.324213	0.940014	0.955073	-0.296319	-0.005612	0.324939	0.115339	0.040475	0.435987	0.053236	0.898377	-0.576476	-0.750041	0.324213	0.691079	-0.659246	-0.296319	
0.360000	0.000000	0.000000	0.000000	0.938117	-0.346318	0.000000	0.346318	0.938117	0.000000	0.000000	0.000000	1.000000	0.000000	0.000000	0.000000	0.491618	-0.798984	0.346318	0.181487	-0.294955	-0.938117	0.851689	0.524048	0.000000	0.090458	0.033394	0.156711	0.757386	0.553562	-0.346318	0.279598	0.204354	0.938117	0.590077	-0.807347	-0.000000	0.276967	0.102246	0.059249	0.753147	0.355443	0.553562	0.290912	-0.934671	0.204354	0.590034	0.007129	-0.807347	0.276967	0.102246	0.059249	0.229977	0.905964	-0.355443	0.094845	0.342629	0.934671	0.968563	-0.248665	-0.007129	0.329512	0.122118	0.044826	0.412489	0.095298	0.905964	-0.582179	-0.737342	0.342629	0.700657	-0.668764	-0.248665	
0.370000	0.000000	0.000000	0.000000	0.933643	-0.358205	0.000000	0.358205	0.933643	0.000000	0.000000	0.000000	1.000000	0.000000	0.000000	0.000000	0.508979	-0.782706	0.358205	0.195277	-0.300296	-0.933643	0.838336	0.545154	0.000000	0.093652	0.035931	0.154254	0.741661	0.567123	-0.358205	0.284549	0.217584	0.933643	0.607430	-0.794373	-0.000000	0.281199	0.107886	0.061122	0.736484	0.368733	0.567123	0.297818	-0.929495	0.217584	0.607368	0.008652	-0.794373	0.281199	0.107886	0.061122	0.187531	0.910422	-0.368733	0.083504	0.359257	0.929495	0.978703	-0.205100	-0.008652	0.334004	0.128723	0.049226	0.391461	0.133753	0.910422	-0.587879	-0.724798	0.359257	0.707924	-0.675853	-0.205100	
0.380000	0.000000	0.000000	0.000000	0.929323	-0.369268	0.000000	0.369268	0.929323	0.000000	0.000000	0.000000	1.000000	0.000000	0.000000	0.000000	0.526061	-0.766094	0.369268	0.209031	-0.304409	-0.929323	0.824358	0.566069	0.000000	0.096795	0.038462	0.151682	0.724816	0.581621	-0.369268	0.288007	0.231108	0.929323	0.625855	-0.779940	-0.000000	0.285449	0.113424	0.063277	0.718724	0.380990	0.581621	0.303061	-0.924523	0.231108	0.625772	0.010164	-0.779940	0.285449	0.113424	0.063277	0.149423	0.912425	-0.380990	0.072417	0.374182	0.924523	0.986118	-0.165735	-0.010164	0.338370	0.135126	0.053664	0.372915	0.168567	0.912425	-0.593387	-0.712656	0.374182	0.713320	-0.680960	-0.165735	
0.390000	0.000000	0.000000	0.000000	0.925172	-0.379547	0.000000	0.379547	0.925172	0.000000	0.000000	0.000000	1.000000	0.000000	0.000000	0.000000	0.542692	-0.749286	0.379547	0.222636	-0.307391	-0.925172	0.809888	0.586585	0.000000	0.099855	0.040965	0.149019	0.706970	0.596773	-0.379547	0.290030	0.244823	0.925172	0.645040	-0.764149	-0.000000	0.289641	0.118824	0.065685	0.700001	0.392250	0.596773	0.306688	-0.919785	0.244823	0.644935	0.011647	-0.764149	0.289641	0.118824	0.065685	0.115463	0.912583	-0.392250	0.061794	0.387527	0.919785	0.991388	-0.130440	-0.011647	0.342571	0.141300	0.058120	0.356711	0.199872	0.912583	-0.598593	-0.701077	0.387527	0.717247	-0.684502	-0.130440	
0.400000	0.000000	0.000000	0.000000	0.921206	-0.389076	0.000000	0.389076	0.921206	0.000000	0.000000	0.000000	1.000000	0.000000	0.000000	0.000000	0.558747	-0.732408	0.389076	0.235990	-0.309336	-0.921206	0.795054	0.606539	0.000000	0.102809	0.043422	0.146290	0.688287	0.612275	-0.389076	0.290702	0.258598	0.921206	0.664645	-0.747159	-0.000000	0.293709	0.124050	0.068305	0.680494	0.402550	0.612275	0.308780	-0.915304	0.258598	0.664517	0.013084	-0.747159	0.293709	0.124050	0.068305	0.085323	0.911413	-0.402550	0.051749	0.399425	0.915304	0.995009	-0.098928	-0.013084	0.346571	0.147216	0.062567	0.342616	0.227905	0.911413	-0.603449	-0.690152	0.399425	0.720044	-0.686840	-0.098928	
0.410000	0.000000	0.000000	0.000000	0.917435	-0.397885	0.000000	0.397885	0.917435	0.000000	0.000000	0.000000	1.000000	0.000000	0.000000	0.000000	0.574128	-0.715587	0.397885	0.248995	-0.310345	-0.917435	0.779987	0.625796	0.000000	0.105640	0.045815	0.143518	0.668963	0.627835	-0.397885	0.290124	0.272287	0.917435	0.684337	-0.729166	-0.000000	0.297598	0.129066	0.071088	0.660406	0.411931	0.627835	0.309444	-0.911100	0.272287	0.684184	0.014460	-0.729166	0.297598	0.129066	0.071088	0.058617	0.909328	-0.411931	0.042332	0.410005	0.911100	0.997383	-0.070844	-0.014460	0.350339	0.152846	0.066979	0.330364	0.252948	0.909328	-0.607946	-0.679925	0.410005	0.721985	-0.688273	-0.070844	
0.420000	0.000000	0.000000	0.000000	0.913874	-0.405998	0.000000	0.405998	0.913874	0.000000	0.000000	0.000000	1.000000	0.000000	0.000000	0.000000	0.588743	-0.698961	0.405998	0.261555	-0.310521	-0.913874	0.764833	0.644228	0.000000	0.108329	0.048126	0.140729	0.649210	0.643190	-0.405998	0.288418	0.285743	0.913874	0.703805	-0.710393	-0.000000	0.301263	0.133839	0.073984	0.639955	0.420433	0.643190	0.308809	-0.907187	0.285743	0.703629	0.015760	-0.710393	0.301263	0.133839	0.073984	0.034967	0.906649	-0.420433	0.033557	0.419388	0.907187	0.998825	-0.045830	-0.015760	0.353848	0.158163	0.071326	0.319698	0.275282	0.906649	-0.612098	-0.670410	0.419388	0.723277	-0.689036	-0.045830	
0.430000	0.000000	0.000000	0.000000	0.910533	-0.413436	0.000000	0.413436	0.910533	0.000000	0.000000	0.000000	1.000000	0.000000	0.000000	0.000000	0.602497	-0.682691	0.413436	0.273570	-0.309983	-0.910533	0.749771	0.661697	0.000000	0.110859	0.050337	0.137958	0.629254	0.658111	-0.413436	0.285719	0.298822	0.910533	0.722776	-0.691083	-0.000000	0.304662	0.138335	0.076952	0.619371	0.428099	0.658111	0.307022	-0.903572	0.298822	0.722576	0.016973	-0.691083	0.304662	0.138335	0.076952	0.014048	0.903623	-0.428099	0.025432	0.427680	0.903572	0.999578	-0.023580	-0.016973	0.357073	0.163140	0.075584	0.310406	0.295151	0.903623	-0.615918	-0.661616	0.427680	0.724081	-0.689312	-0.023580	
0.440000	0.000000	0.000000	0.000000	0.907423	-0.420218	0.000000	0.420218	0.907423	0.000000	0.000000	0.000000	1.000000	0.000000	0.000000	0.000000	0.615277	-0.666972	0.420218	0.284928	-0.308867	-0.907423	0.735018	0.678048	0.000000	0.113211	0.052427	0.135243	0.609330	0.672409	-0.420218	0.282174	0.311385	0.907423	0.741009	-0.671495	-0.000000	0.307764	0.142522	0.079954	0.598890	0.434968	0.672409	0.304243	-0.900264	0.311385	0.740788	0.018091	-0.671495	0.307764	0.142522	0.079954	-0.004383	0.900435	-0.434968	0.017974	0.434973	0.900264	0.999829	-0.003872	-0.018091	0.359989	0.167751	0.079730	0.302333	0.312748	0.900435	-0.619408	-0.653553	0.434973	0.724519	-0.689243	-0.003872	
0.450000	0.000000	0.000000	0.000000	0.904555	-0.426356	0.000000	0.426356	0.904555	0.000000	0.000000	0.000000	1.000000	0.000000	0.000000	0.000000	0.626948	-0.652040	0.426356	0.295508	-0.307335	-0.904555	0.720840	0.693101	0.000000	0.115359	0.054373	0.132635	0.589683	0.685926	-0.426356	0.277943	0.323307	0.904555	0.758301	-0.651904	-0.000000	0.310537	0.146370	0.082966	0.578752	0.441080	0.685926	0.300649	-0.897264	0.323307	0.758061	0.019109	-0.651904	0.310537	0.146370	0.082966	-0.020472	0.897234	-0.441080	0.011227	0.441351	0.897264	0.999727	0.013417	-0.019109	0.362577	0.171968	0.083745	0.295396	0.328196	0.897234	-0.622548	-0.646253	0.441351	0.724690	-0.688944	0.013417	
0.460000	0.000000	0.000000	0.000000	0.901939	-0.431863	0.000000	0.431863	0.901939	0.000000	0.000000	0.000000	1.000000	0.000000	0.000000	0.000000	0.637354	-0.638180	0.431863	0.305175	-0.305571	-0.901939	0.707565	0.706649	0.000000	0.117273	0.056152	0.130192	0.570568	0.698532	-0.431863	0.273197	0.334468	0.901939	0.774478	-0.632601	-0.000000	0.312954	0.149847	0.085973	0.559210	0.446472	0.698532	0.296428	-0.894573	0.334468	0.774219	0.020026	-0.632601	0.312954	0.149847	0.085973	-0.034265	0.894141	-0.446472	0.005272	0.446890	0.894573	0.999399	0.028298	-0.020026	0.364814	0.175767	0.087615	0.289583	0.341545	0.894141	-0.625288	-0.639768	0.446890	0.724677	-0.688508	0.028298	
0.470000	0.000000	0.000000	0.000000	0.899585	-0.436746	0.000000	0.436746	0.899585	0.000000	0.000000	0.000000	1.000000	0.000000	0.000000	0.000000	0.646309	-0.625730	0.436746	0.313781	-0.303790	-0.899585	0.695576	0.718452	0.000000	0.118921	0.057736	0.127986	0.552247	0.710124	-0.436746	0.268114	0.344763	0.899585	0.789391	-0.613891	-0.000000	0.314987	0.152925	0.088971	0.540521	0.451177	0.710124	0.291777	-0.892191	0.344763	0.789115	0.020846	-0.613891	0.314987	0.152925	0.088971	-0.045693	0.891264	-0.451177	0.000234	0.451658	0.892191	0.998956	0.040661	-0.020846	0.366680	0.179121	0.091329	0.284961	0.352769	0.891264	-0.627547	-0.634184	0.451658	0.724556	-0.688015	0.040661	
0.480000	0.000000	0.000000	0.000000	0.897503	-0.441009	0.000000	0.441009	0.897503	0.000000	0.000000	0.000000	1.000000	0.000000	0.000000	0.000000	0.653600	-0.615076	0.441009	0.321162	-0.302232	-0.897503	0.685319	0.728243	0.000000	0.120262	0.059094	0.126099	0.534989	0.720623	-0.441009	0.262879	0.354095	0.897503	0.802921	-0.596086	-0.000000	0.316608	0.155573	0.091967	0.522945	0.455226	0.720623	0.286901	-0.890115	0.354095	0.802631	0.021575	-0.596086	0.316608	0.155573	0.091967	-0.054570	0.888702	-0.455226	-0.003706	0.455721	0.890115	0.998503	0.050260	-0.021575	0.368153	0.182005	0.094882	0.281682	0.361750	0.888702	-0.629201	-0.629622	0.455721	0.724404	-0.687541	0.050260	
0.490000	0.000000	0.000000	0.000000	0.895702	-0.444655	0.000000	0.444655	0.895702	0.000000	0.000000	0.000000	1.000000	0.000000	0.000000	0.000000	0.658987	-0.606645	0.444655	0.327142	-0.301158	-0.895702	0.677284	0.735721	0.000000	0.121254	0.060194	0.124620	0.519046	0.729982	-0.444655	0.257671	0.362386	0.895702	0.814983	-0.579485	-0.000000	0.317792	0.157762	0.094984	0.506729	0.458643	0.729982	0.281999	-0.888343	0.362386	0.814680	0.022223	-0.579485	0.317792	0.157762	0.094984	-0.060569	0.886554	-0.458643	-0.006301	0.459138	0.888343	0.998144	0.056696	-0.022223	0.369212	0.184392	0.098273	0.279992	0.368274	0.886554	-0.630079	-0.626253	0.459138	0.724296	-0.687154	0.056696	
0.500000	0.000000	0.000000	0.000000	0.894193	-0.447681	0.000000	0.447681	0.894193	0.000000	0.000000	0.000000	1.000000	0.000000	0.000000	0.000000	0.662207	-0.600886	0.447681	0.331536	-0.300836	-0.894193	0.671987	0.740563	0.000000	0.121846	0.061003	0.123646	0.504638	0.738188	-0.447681	0.252649	0.369577	0.894193	0.825535	-0.564350	-0.000000	0.318509	0.159463	0.098063	0.492081	0.461448	0.738188	0.277250	-0.886874	0.369577	0.825221	0.022801	-0.564350	0.318509	0.159463	0.098063	-0.063197	0.884913	-0.461448	-0.007224	0.461955	0.886874	0.997975	0.059381	-0.022801	0.369834	0.186256	0.101507	0.280253	0.372003	0.884913	-0.629953	-0.624305	0.461955	0.724305	-0.686918	0.059381	
0.510000	0.000000	0.000000	0.000000	0.892971	-0.450114	0.000000	0.450114	0.892971	0.000000	0.000000	0.000000	1.000000	0.000000	0.000000	0.000000	0.663099	-0.598078	0.450114	0.334244	-0.301469	-0.892971	0.669762	0.742576	0.000000	0.122010	0.061501	0.123236	0.491855	0.745303	-0.450114	0.247926	0.375679	0.892971	0.834632	-0.550807	-0.000000	0.318751	0.160670	0.101245	0.479085	0.463683	0.745303	0.272783	-0.885694	0.375679	0.834306	0.023324	-0.550807	0.318751	0.160670	0.101245	-0.062057	0.883825	-0.463683	-0.006206	0.464227	0.885694	0.998053	0.057841	-0.023324	0.370013	0.187596	0.104600	0.282772	0.372683	0.883825	-0.628626	-0.623957	0.464227	0.724479	-0.686866	0.057841	
0.520000	0.000000	0.000000	0.000000	0.892016	-0.452005	0.000000	0.452005	0.892016	0.000000	0.000000	0.000000	1.000000	0.000000	0.000000	0.000000	0.661650	-0.598257	0.452005	0.335273	-0.303150	-0.892016	0.670680	0.741747	0.000000	0.121744	0.061690	0.123405	0.480621	0.751462	-0.452005	0.243542	0.380783	0.892016	0.842431	-0.538803	-0.000000	0.318534	0.161409	0.104570	0.467657	0.465405	0.751462	0.268650	-0.884778	0.380783	0.842095	0.023805	-0.538803	0.318534	0.161409	0.104570	-0.056911	0.883266	-0.465405	-0.003075	0.466003	0.884778	0.998375	0.051785	-0.023805	0.369764	0.188437	0.107574	0.287758	0.370184	0.883266	-0.625964	-0.625308	0.466003	0.724820	-0.686989	0.051785	
0.530000	0.000000	0.000000	0.000000	0.891308	-0.453398	0.000000	0.453398	0.891308	0.000000	0.000000	0.000000	1.000000	0.000000	0.000000	0.000000	0.657864	-0.601369	0.453398	0.334648	-0.305910	-0.891308	0.674704	0.738088	0.000000	0.121047	0.061575	0.124146	0.470743	0.756856	-0.453398	0.239462	0.385004	0.891308	0.849152	-0.528148	-0.000000	0.317877	0.161701	0.108091	0.457601	0.466659	0.756856	0.264821	-0.884105	0.385004	0.848806	0.024253	-0.528148	0.317877	0.161701	0.108091	-0.047366	0.883168	-0.466659	0.002400	0.467282	0.884105	0.998875	0.040756	-0.024253	0.369101	0.188803	0.110455	0.295518	0.364256	0.883168	-0.621792	-0.628507	0.467282	0.725288	-0.687238	0.040756	
0.540000	0.000000	0.000000	0.000000	0.890832	-0.454332	0.000000	0.454332	0.890832	0.000000	0.000000	0.000000	1.000000	0.000000	0.000000	0.000000	0.651797	-0.607241	0.454332	0.332423	-0.309699	-0.890832	0.681656	0.731673	0.000000	0.119931	0.061166	0.125425	0.461930	0.761710	-0.454332	0.235589	0.388479	0.890832	0.855055	-0.518538	-0.000000	0.316805	0.161573	0.111862	0.448628	0.467473	0.761710	0.261197	-0.883663	0.388479	0.854698	0.024674	-0.518538	0.316805	0.161573	0.111862	-0.033010	0.883391	-0.467473	0.010443	0.468007	0.883663	0.999400	0.024288	-0.024674	0.368041	0.188718	0.113271	0.306365	0.354628	0.883391	-0.615947	-0.633702	0.468007	0.725775	-0.687503	0.024288	
0.550000	0.000000	0.000000	0.000000	0.890573	-0.454840	0.000000	0.454840	0.890573	0.000000	0.000000	0.000000	1.000000	0.000000	0.000000	0.000000	0.643581	-0.615568	0.454840	0.328695	-0.314388	-0.890573	0.691204	0.722659	0.000000	0.118419	0.060480	0.127182	0.453835	0.766260	-0.454840	0.231786	0.391350	0.890573	0.860412	-0.509599	-0.000000	0.315351	0.161058	0.115923	0.440391	0.467869	0.766260	0.257634	-0.883442	0.391350	0.860047	0.025067	-0.509599	0.315351	0.161058	0.115923	-0.013549	0.883694	-0.467869	0.021190	0.468061	0.883442	0.999684	0.002055	-0.025067	0.366605	0.188206	0.116042	0.320520	0.341104	0.883694	-0.608327	-0.640982	0.468061	0.726089	-0.687598	0.002055	
0.560000	0.000000	0.000000	0.000000	0.890516	-0.454952	0.000000	0.454952	0.890516	0.000000	0.000000	0.000000	1.000000	0.000000	0.000000	0.000000	0.633427	-0.625931	0.454952	0.323608	-0.319779	-0.890516	0.702886	0.711303	0.000000	0.116551	0.059544	0.129331	0.446109	0.770718	-0.454952	0.227911	0.393748	0.890516	0.865473	-0.500956	-0.000000	0.313560	0.160193	0.120287	0.432550	0.467862	0.770718	0.253976	-0.883436	0.393748	0.865099	0.025428	-0.500956	0.313560	0.160193	0.120287	0.011070	0.883732	-0.467862	0.034626	0.467271	0.883436	0.999339	-0.025980	-0.025428	0.364817	0.187295	0.118780	0.338030	0.323656	0.883732	-0.598941	-0.650329	0.467271	0.725952	-0.687255	-0.025980	
0.570000	0.000000	0.000000	0.000000	0.890650	-0.454690	0.000000	0.454690	0.890650	0.000000	0.000000	0.000000	1.000000	0.000000	0.000000	0.000000	0.621616	-0.637848	0.454690	0.317344	-0.325631	-0.890650	0.716161	0.697936	0.000000	0.114377	0.058391	0.131774	0.438466	0.775245	-0.454690	0.223844	0.395774	0.890650	0.870426	-0.492299	-0.000000	0.311487	0.159019	0.124937	0.424824	0.467462	0.775245	0.250093	-0.883638	0.395774	0.870045	0.025749	-0.492299	0.311487	0.159019	0.124937	0.040585	0.883081	-0.467462	0.050549	0.465434	0.883638	0.997897	-0.059492	-0.025749	0.362706	0.186014	0.121486	0.358717	0.302473	0.883081	-0.587931	-0.661596	0.465434	0.725024	-0.686150	-0.059492	
